10011011010010110101001011001001
11011100010110010010011110110110
10010010001111011000111011111111
01110010101111011001101101001001
11001011100111010011100111111001
01110100000111101101101101001000
11011010011100100101011110100101
00101011100110000101011100101010
00011100011100100111000010110010
10011110111110011111000111010111
00101010001110101011011001101011
01100110100001000001100110011110
00010100001101111011100110111011
10001011110101001001110011110011
11001110101101001010011011111100
01001010100101110011010110111111
11011110000010001000011111011011
01100111110000111100011101111100
01010001001011111000000110110111
01100111010000111010011101111111
11110101011001001110100010101100
11110101111000000110111101001010
10000001010011011001000100100011
11101010000100001100110101010001
11111110101000000110010101011110
10001001000101000001110111000000
00110110010110011000101100101100
11100111000111011110011111111111
11011110000101001101110110001111
10000000100010111111010001100001
01101010101011000111111010101001
10010111000000101111001100000000
11111100010010100000110111110010
00011000101010111110111111010100
11110110110110110010011111001000
10110110110000110100010100111110
01001101001011101000100001111111
01110101111000111101101111000101
01000011101100110110000101010011
01001110101011000010010011001111
01111000010000110011011101000100
10101110111000010001111100110010
01101111110101001001110100100000
11001001010111001101111101100011
00100110010101111110100101101011
10001011111011101111100111110101
11011111111001101111011110000011
11110111101111001101110011101110
11000111101011101001110011110111
00010001000111101111010110010000
01101100000011100011010001000101
10111000111011001110011100101100
10111110111010111110111111100011
10101001001010000011011010101100
11011010000101101101101110001000
10011101010111010111001111010111
10010111100100101111100110101110
11110110110111111010111011110011
10000111110100100101011010011101
10010110011101100001000001010000
11000011010011100010111011101010
00110110101010101100001000100111
10100101110010100001000010011101
01011011011001000000110111001101
01111010111101010101111011110100
00111111101101111111010001110011
00010101010010010111101100101101
01001000101010010111001010111110
10010100001111110111101100001001
11010011011000011110001000111010
01011101110100011011100001110001
01111111111010011000000101011000
10000010110000001011010111010100
01111100100111010011111001101100
11111000010011101010100100010101
11011110110001011100011111010011
01111111101111001011011101001111
11011100101111100101011010011011
10101010001001110000010110010011
00100100110011101101011111110111
01111100111010111100111100100010
01111100001000011001011111000100
10000010100001010111110110000111
01101111101101001111010011101110
10111101110011100100101101011111
01110101001001111011111101001100
00011101010011100010000000101111
11100001110101100011100011110011
00101111011010000001001101111111
10111011010001111010001011100110
01011111111001111101111010111101
10100001000000100110110001100110
00101111111101101010110111001111
11011011111110101000110110100101
11001101000111100100100001110111
10011000101011111110011011110000
11101101011101001110101001100101
10010101111011011001000100111011
01011111110000100011111010110110
10010011001000101010111100011100
