1000110110000000101111111101000101000110101011010011111010100011000011000101011101101010100111010010011111000110011010100011000111101101010011010001111001101101010100111100100100001001011101011110011000010011111111010010101100111010100101010111111111001101
1100110001110111001011110011110111011000110001001011011000111011101001110000010011100110111000110110000010010010111111110100001101001111011111110010011101100000111010011010000100011001101010101011110110001100100110111110010101101001001110111110111011011011
1010101100111110100111110001100000111101111110001100001101100011111011101011110010101101010011001101100111101111110011011010111001001111010111011111010101101100000000111111111111111001100001110101111100101110110001000111001111001000110111100110001100001111
0101100010010000001111110110011100110000110110100101101000010011110000010111110011010101010101101111010101100001001110001000101111101110001100010101000001011110001100111100001010101010011001101101101010000100110100110010101101110011100100110000001111011110
1110010100101100010110101111111100011010100110101010000100111001101001100011011001010101001110111111111001000100011011111100100110000111011000000010001111111101101111111010101101111100110101011110110011111001110101100010101111101111010110001111011111001101
0101100111000011010010110101110010011111110101111110001111110000111000111101011111101101110100110111010110011011011111011111010011111010101110001110000011011101101100010100011111001110001101000001111000100100001101101001110000100110100110010101101000111111
1110110111110110110101110001100001111111011010110111001011111000001111011110001101001110100110000010110101010110110101111101111100001111101101111001001101110001101111000111010110111101010100000010110111100111010111001010101011000110101110111110110000001110
0001010000011100001101001110111000010010101000100101111010011110000001110110100110110110010101110010010000110001100101101110100001001111011101001111001111010100000001111111011010110110001111011111000011011110111101111101010101100101111100101110010110111101
0010111010101011001001110011100011111100010001011100000011100100101111001111101110101001111100010110000111111111010001101011110100100101110110111111011101110001110001101000101001011010110010111110000011111110001011111111100010011000001110000110010011101111
1000110111011101111100100001101111110110110011101101110001111111111011110101111111011111111111000100111111111101010001011111011010000101011101001011001001101101100011101111110000101011101000111101111100001001101011010100001111111101111110110110001110011100
0011011100111010111101110010110110111100110010111001101100111110011010101111001011000000001111111100011101101110110110111100110011111100100011111110111111011110100011101101110100111010011111110110000010011110011000110110001100011010011101101100101011011101
0111001111001011011101110011111100001100001110001000111101001010101101011000110001100010010110001111011100111100001111100000100011100100111110010101001110110101011011101011010111100111100111001010111100001000110011000111100111110101111111010000010001001001
0000100101001011110011110111010000110000011101111101000001100011110101000001111011000111011110110001111010000110000111001101001010000001111100111110101011110000101010110101011100111111110101110101100010010110101001101111001011011001010011111100000100001001
1010010011000110100101111101111101010101011111101011110010111010011100001010010001110100100100110011011110010011110101110101100110100110100010001110101011111111111011111100011101011101101110000011100010011001010110011110101100001111111000011001001000100110
1110011100000101001110000100101110110111011101000111000011100010110011000111100001111010101010000110000101100000100110100011000111011011100110011101101101101011101101000010100011111011101011110010110100110010111101101000000111100010001101011111111110000011
0100011101111110100110110111101010011100010111110011111001100011001011110000110000111010101100001000001111011100110000101111111101110110011111101111110111100101111100000001101101011001100101000001011110110111000100100110001110111000010110001111000101011111
1100110010110101101100000111100000001101101011001111010011000110110111010100111000111111010010101100111111111111110011001111001111001010001011011000011001111100010100011111101110101101111001010011101001111110111111100111101111111101100000010111011001101101
0111001101011111111111111110101001001000011001010011111110000011110110101101000110101001110010100100011111011110110101110101101111011000101111110110100101011001011101011010001100110001111011111110010110110110101010101001010101110011111101111010111101111010
0100101111010100011011011101010110100111100110111011110110111101010011011100100011100100100010100110011100111000011101000101001111000111101101011101111101110001101101011000101000111100110010011100100101001101011010110110101001001010010010110100110101100010
0111000111011111101111111000010101001001001011110110111111101111011111100000110011111000101010100110011001011100110011100010001011011101001011010000001110001100001100111111011111010101101111010100101111110111111101101111111110111101110010110011001110100100
1111100011011101010011001100110111101111011101100010001001101100011110001001001101100000001001010001101011001100011100111001100110010100100001101110001110110001110111110110010001011000000111111101111100101001000111110000010101111011100100001000100111001000
1111101111001101101010001111001001101101010001100110100100100100000011011011111110011000001000111101101011000110100000101110100110101010001111100011101111001111111001000110101010001010000101110110110011111000111111111110100010000100010001011000111111110100
1010001101110110010011011110010101001100110110100011111011010011010101101100100011001101100110100010111000101001000110110111101111000110001010111011100110010101110111111010010110011000001010111010101001101011100101101101111010111111111001101001101100111111
1101011000101110101101100101110010010100010001101001110110000010111111101101010110110111110011111011101101101110111110001000001111000010111001011011110001011101111111100100111011001011110100111010010010000011111011001000101110101111101101000111011011101101
1101110001011111011100010111001110101111001000001110101111110110001111111010101110101011001001110010100011001011110101011111110101110111001110101001010110011111101110011110011111001011111101110111101100011000011101101111110110010100110001111101100011101011
1000011101101010101010001101000010011011001100000111001111010000000100111011001011011101100110011101100101000101110100001100100010100110001101111011110110111001111011011010111001001111011010101000111011101000110100110010010101110110101110111111010001011001
0011100101010101001111000111110001010000110010100000101110001101010001110011111011110100110001111011010000000100010000111111111100101110111100000010001000010111111011100101110111010000010001010000010110011111111000111011010111011111101100101110111010011110
1101001111111101010110101101110110010011101110001101011111100011011101101010010110110111011011110010111001111111100110010001010010001100111110001111001001101101101101111011010000111101101101010011011111011110110101010110111110011100001000101110111101100110
1110110111111111010101010101100110010001010111000010000010110110011101111000011100010100110110011101110011001111111111110110110011100010111011111011110101110011111000100110100100001011000011110000010101100010011101101100111100100111001010111000111000101111
1010001010101100011010100110101010001110111011011011111001100101010001100110011100010011101100110100100000010011111101011101011010110111000110010001110111011110000111000010101001011001000110111111101011001011111000111001111001111111110111101110011010111101
0101010101100000110110000101101110101111101111101000001110100010100011010011111111000100001110011111011111101110101110100011101111101111110000110111111010100111110111101110000101111110001101111011101000000110010101111000001101010011111010110100011100111000
1010101010010111110111001111000110001101010011011111111110111000011110110010001111110111101111010100101000110100000101101101010100111100111001001101111000000110111000111110111100101111001000001011010010111111111110001010000110100111011010011011110001111001
1111110000110101010011100111100111001101111011011010000101000110001110111001100000110100100010100101101111111110100111011000011011110010101110100110010101101010010111101001001111111111101000011110110010001111001110101111000010100110100000011110110011010101
0010110101011100101000100011101110101101110010111110111110101101111000100100001110010001011001111011111011101001110010011011110101111001001111010001000110111011001111000110001110101100111010000100111101111100001101110000110001101100000010100111010011110101
1111100111000011101110110001111101011101111011111101001011011101001001100001011001110110101010101000101010000011100011111011011001101101111010010001001111111011010000110010010110100001010101000111010001000000011110011010010111110101110101100011011111110010
1001101100000011010101000100101011001100011011111010010011011101001001110011111111010110110001110100010101101010111111101110101001110111001111000010101111000011100001100010001111111011101101110111111111000100101001000110110100010010111001111010111111101011
0110011111110111001000011000010110100110111111011100101111101110111100000101111001000001100011110011010100111010011111111110001110110001110110010110001100011011101100000110100100111110111001010111000111100000110101011111111001101010110110101101000010111101
0111101010000001010010111111011101101101010000111111001011101011111011000101110111111011100100111011010100011011001110011000100110011111111010111111100001111101001011110110011010101000010010010100010101010101111110011011101111110101101110111111101101001101
0110000110111110101100001111101100110100011010011000011110101101000100110011110100111011111000000110000111111100010001111111011110100101011011010000110110011011011011100111101110000101110000011101010010000111110101101110111110010101000111100111000010110101
0110010011110101001111010111011100100001101100000001110100001100001100011100011011111010001000110100000110000001111110111011110100100000110100111010101101111111110011011011100111001011000111010111100111011010000001110111011111011010010101001100111110001110
0111111101110000011010100000000111001011010000111001110100111001000101000101100010000001101101110100110110001110110110100110011011111111111000111111111100001000011001110000000111101011001110101110111110111101101100101011110000111001001101111010111010111010
1011010010011101100111010010111001101000010011101101001100111111000011111001010000001111000101111101111010111001101100010101110101111100111100011110101010000101000100000010001100110010110110000011000010100111111111000111100111110100111000101101110101100111
0111010001110101000101111101101101010001011110100100110101010110110111111001010011010001110110110111101111110011110001111111101100100010111011001101011010010011101110100101111001110100001110101011111011000000011100110011010110000111110001110000100110110111
1100011111110010111000001011110001010010100111001111011010011110110011010110010111101101010100001101010110100010111110111001011101001001101010010000111000001001111110000000110110110000011000001101001000101110000111010110111011011100101010100001000011001001
0011001111100101111111100111110011010100010100110101110011010111010101011011001110111101111011111011011100010011010100101111110011110100001010100010111101011101011010100011010001011111011011111100010011001110111100010111111001000110011110011111111010011000
1000011001101100100111001101111011100101111110010011000001100010111011001111111101110001011101111101011111110011010101111011111110100101111100001110010010111111100101001010100110111111101000100011110101010111010101100010001000101111011001101111011111111010
1100110001000011101110111100111101101100010100010001001011010010111011010010110110000111101111001010110101001011111000110101101111111001111011111000111100110101110000101110100101101110011110101010001010100111101110101111101001101011110011111010001111011011
1101101010111111011111011110111010111001100101000111101101001110010111100111111111100001010111111111010100101101111111001001011100110100010101110010011001101101001111101101100101111111010011110110000101111111110011101111110111010111110000010000010101001110
1100001111011101001100101101011110100011101101111111100001000110110110011101111000100100110101111111101110100011100001111010101111100011010101011001001010111001101010001010110100111011100000001000110101110110101000011111011010111111001001110000110100011000
0010100100101000100011111011110110011001111101110110111101101010011010011111100111101110111100001110011001010101101110011101110010000101011111001011101101110001001011101001111001101010110010110111111001111010101111111011010100000001011110111101010010010110
0101011010100111110011100111100100001101101111111110110101110100001010100001000000110101011110110010111010010111110001110110011101010010000001101110111001011010010101100011001111100000001110000111111111110100101111011011101011100111011111111000100011011110
1011111100011010011001010010101001101011111100001111100100000110111100100100001100111101011000101110010110111101110111011111100101011000101010101011101111010100010101011100001110111001010101111111101101100101001011101011000110110110001100100101100001101100
1011110101111011010111010110001001101001110001011100100011101011011101011011111101111111111001111011110010101010100110100101101111101101111011111110010111101111111011011110110000111111010100101101000011100001111100100110111111111001011011111100001111111111
1011011001100000110001011111010110100111101010001011101111001010100101101000011000011010001111001110100111110000100011111011110100111011000101110101101111110011011011101100110010111111010001001010111101110001001111101001000010111101001111111110010100111110
1110110110111000011111110111100100010001011101010011000100110100111100111011100110111001110110010111010010011100011011010101001001101101111001001010111110110001111110011110000001001001000011010110110001100111111011110000010001001111010100010011011110101110
1000110000011111001001011101110001010110111100001111001011110111000001111111000100111011101101010110111011111010010101111001001100101101111101111001110110111111001110010010101010001111100010001101110110011011011100011111111010101111111001101111011101100111
1010101010111111111110101111101010011110001011111011100010110010110100111100000110110000101100001111101101100011010110100001101101110001001111001001110010110110111110110101010010011100010011011110101110011011101010000100010110001001011101110001010111010111
1111101011111001110111100111011011011011101111111011110011000111111110110001011010000101001011111111011101011101110101110011000001011100010000101100111110101000100110000111111000110011100100100111110010111110111110011101111101111100111110010001000010101110
1010000101001001111111111010111111011010001011110011011001010100000101110111001110111111010111111000101000011100111011101110101000001010000010010011011010110100111011111111110101000011101001101100111111000110110011011011101011101110010110101000111100011001
1010100001010111110110010011000101110010000110010100110100011010001010001110111001110011100111110010001000011110011000010100111011110110110110001010101110011010100100011110011110101100111100110111101000111110100011011001000000110110001001111110000100100111
1110001100111100000111101110000101000011100111110001101011000100100001011111001000101010001001001111010111000111101010111010111001001001000010000001000010111101101011101101100110111111010111110001010001111101001011011110000000111010111010011011111011011101
0011100101001101101101010010111110101001101001111001010010001010111111111001110111110111100000011000111101111001001111110001110110001000100011110110011111000111111101100000010001011011011010111100011110111000011011111110011101100110111010000011111010111011
1011001101111111100011101100111011001000100010011001010011101010001101011110110001111101100101111100000101101110010110110111101111010101110010010111110111100010101011111101010011000111101111000001101101100100111000110011011001000011100011101100111111011000
0100111110000000011100111111110011101100001110001110111111001110101011111010110011010000000010011101000100010010111011011111100000100111101110001111001111111010110100111100011110001110011001111101111111110101100101101011101101100101110010110100110110110101
0101111011111110110110000111011001110001011110100111111000100111001111111111011100110101010101011111100111011111101011001100101100101011110111111000111000111111100111101011110110111010100010111111111111001110100110000001110010100101111101101011011011110011
0011111101110101110110101111111010111111010111011100011111001011011000011111010111011110011111111010110010100001110111110001110001010111000110100101110010011110000100101001110111111110101100101001010010101011100000010101011110110001111101101101101101110011
0000100101011101110001111011100101000011101000001110000001001101001101110101111101111111111110110111011001100101011001100101110111111110111011100101110001000111101111011001001010010110011111011011111101110111011001011001101011011101101010111111110001101111
0110010000110110001011110001111010101011100011001101001100000011100011101000111110001101011111101110010010100001000011111001011111011011010110011011010111110110101101101111010111111101101101101011001110101011011010011101010111001011011010101100111000110010
1010100111100101111001100001000100110001110110011001100111001001001110101011111111001011011111111111111110011100010111111110010110111101111001010000000100010011101111110110101100100111001001010110100010111100110110010001101100100111000111101100011111110011
1110100110011110101111111001000101100101000010001110010110111011110101111100100100101110111001101110011010110111000101001111111101001000100000100100111111000001111111101101011110110111111001111110001011111100010011000100110101111001011100010000100011110001
0110110101111101100001111101111101010110011010001110010100111001111100000100011010011111001100111001001010011010001011011101000111100110010100111111110000011010100111100111111000111011110100010011011000110110111111101001111011010101111011001110010010110100
0101111001110101101110011001011111100111110010100100010011001111111100000001111000011110100010100000001010011101011110110110101001110100101111010000110000011011111000000000011011101111101111000111011010111011101101110011010100101101000000011111101101110001
1010001010110110111100110100111011000010001010100001000001001110010111001000110011111111101111101010110011010110101110011101100111110000001101111000101101111010111101001000100111100011101110101011010111010101110000011010100011010111111010110100101110111110
0101111010011111011001100011111000010000110111000110111101010111001001111001110000110111001111001111111111111001110001110111001111011000010010000000110100011111011101001000111110111011011101111110100110101011011010011011010110011101000101001110101111101011
1111110100011110011011010111010011001110100101110001100011000010011100011101110001100000001011011001101101010000010101000101000011010011101000111110100110000100001010010111010100000011101010011110100111101011101011111001111111111110111011111101110001100101
1100111011010001000110110100111011000000010111101110111011000001010001111100011100001000110011111010111100000100101001011100110001111010111110110010011011101101100000001100111010100011111100011100001010111011110101111100101001110001101111010011010101111000
0111111110111001111110011001001110110101111111100111001001101000010111010010110001011110111110111010001100111110100111011110111100001010111011011000101110011110010100111101011110100001010011011101110110010010110111000110111111110010010011100100100000100110
1100111110001001000001110110111010110001110100010011110101100010101011111100011100011101010111000010100111010000110001101011011101011011110110101010011000100110101001101010110111001011110111010101000001011010111110011111011100100011000010110100111110110011
1001011101100000100110100111100110101100011101010010111111100101001001111111110011011111100010100100110100111101100111001101101110000011111100101110110011110101011111001111011100000101101100110110111010000001110100011111011101111011000110001111001001010010
0001000101011111101010110100011001001101101101111100111001110000010100101111101110011110100110101100101111010111100101111011010110101101101101010111011111101101100100101111100010110111101000111100111111001000110111100101011010101111111111111101010111110101
0101110101100101110011100110001101100101110010011011011111010011010111011101000101000111010001100011111011010100110100101011001101111010011010110100110001010010111100100100011101111111001100101001010010010101111111000100010111111010001111000010110011110101
0101111110111011110010000110110000100111011010100001111110001111111011111101011001110100110110111100001000000101100101110011101101101011111111110010100110111101100100110010101010100010001010001011000101101011110101100000010010001010101010110111110000100011
1010000111000110100110110100101110001111000101100000000101001101100100101101110111011111011111111011100001011000111111010001000111110111011101010101100000100100110101000011001100001100000110010010000101101011010110111111111101111100111110110011111100111011
0111011010110011111111011000111110111101000110101100111011011010010110011000001101001010111100000000111001010101111111111100011100010111000101111001111010111110101110001110010011011101011101110100000111110001010101110101100100011101110010001010010001111010
1011111000010011111001011110101011001111110101111111111010010100000100110000101100110111010000011111111100101011010111000001111110001110101100110011011110011111010101111000101100100111111011110010111110010100100011100110111101110101001101111011101110010110
0101101101011111111001101111010110100011010111111010001111110011111110111111100010000111011100110011001011011000101001010110001110001111001011110101110011011100011011111111001111000101011111011100100110010110111110011011010001111110011001010111001101111101
0010111001110101111011011110110101000010100110011011110010111010100111111111110011000101001010011010000101000010011100101010100000100110110111111101001111010001000011100100001111010110010001101111110111010101001010101110001110110011011101110011010011111111
1111001011110100011011111101111111010111000111111000111111101010001110111111100010111101011100010101101100111100011111001100101000010100100111111001111010101001110011011100110111111010111110100001011000110001110111001111001101010011110111001011011010101101
0001011000110001000100011011010001100011111001001010000111111010001110111101000010010011000100010010100110000011001110111110110100111011111001111011111001001011001111011011111010110111110111111110110110110011010100001101111011000011011100100011100111010000
1011111101100110101101111101010001001001010101111101011111011101010100010111101011111011011010011110111111111011010100010011110100011011100011001100111110101000000101010010111100111111011110101001011111100100100111011101100000100111101000011101110010101010
0110110001101001001111001111011101100011000111110010001100101001111001011110010111110001000101011101011000111011110111010011100001101101010010101111001010100100001101111100001110010111110001100010000111101010111011110001001010000110111011101011001111110100
1011001110011010101010011010000000000011001001110000111010001010000111010111111101011011011000111011111100110110101000111011001100000011110100101111100010011111011010110100001110110101000100010111101110111010111110001110110111010101101100011000001111001011
0011011000001001111101001010111111110100001111111100111111011000110100111110010011101011101010011011101011011101111001011010000111000101111101001101010010111110111111101101100011101101011111100100101110000010011000100101001010000011011111101111001001010101
1110111111110010010110111101011101111011101000011111111011000010011001010111010010111011100010011011011111111100110101010000111001010010001010111011101000100010100111101011011011011011010110111000111110001110110001110010101001011111101101011111011111011100
1110011010101011110001011101110110010111111101111001110011100100101110101010010111111000010010000111111011111011010100010101101101100011010000001011011011001101111111011011100000111001101110001010111101111010001100111111101100100110111111000110111101001110
1000111100000010001000010001001000100111111111011111001111110111110000000111100110000111111000101110111011111001100000000111100111101101100010101101111001101101110101000010011111110010111110110100000001100001000101110000100010111100101101111111011011100110
1111011000111101001011101101100101110101011111101110111100001110011000100011011101111011011001011111111000111101000100111010110111111100100111110101000011011010100110111111000010010011010100001001100101001101111101011010001111111101100011101011011001000010
1010101111011111001000101101001001101001100111101111110110010001110011101011100010001111110111110000001110011110011010000001010001010011001101101111100110010101101011100101000101111110100011100010100011110011011011001111101011010110100101100111011001111001
0110110000010001111111011111001011000010000010111100101101011010100101011000110011011101111110101101011000111010111101111101011110101111000001001111011000110011000100111011100010111111110000011100110111110000010111010110100111110011000010011000001110011101
1010101111001100111111001010110100100001010011011111110011001010010001111111001010110101101010010011110101011101101011001011010101111111101011100110101111010100010011001101101011000011111001011111010110000001010110011000110000101100101111010111101001111001
