0111110111000101111101011111111001100111101101110011101011000001
1110101001101111101111101000101111111110100111110101101111001001
0101111011110100011001110001111111111010010011111111011001111111
1110110111000111011101110101101011111011101101011111101011101111
0011101111101101010111011111111101111011011111001101101111110010
1010111011001101101111010011111111111101011101001101111110110111
1111111111111011110110011011001110011001101101111011111101110011
1111111101011111001100011111110111111001111101001101101111101001
1111011111011101110110110010111111011101001111011111111111110110
1010110111101111101100110001111111111001101001111101111111011000
0111110110010110110001001000011111111011101111110011011111011101
1101111011110000001111011011001011110110111110011111110111011111
1101011101001111111111111111101111011001111010100111110111101100
1110111101001101110011110110110100111011110111101100011010010101
0001011101011110110101011111110110111100111110100111111101011110
1111111100011100110110110110110111111110001101111011101110000011
0101111011101100101011111010001111111101101111111111101111010010
1111011101111111101111011111011000111111101001011011111000011011
0111111110011100110111011111110011111110110100101111100110011011
0011111101011110001111111101000000111101111101110111100101111110
0101001011111111101110000111001011111100110111111100111101111111
1110111111101111011011111111101111011100011111111110111110001101
0111011111110111100110111101110000100111010010111101111001111011
1111111101101101111011111010101110010111101111001101011001000010
1111111111111011101001011011111111011010101010111111111111111000
1100110000000111011110111111011011101111110111010101111110110100
1111111111111001110010111011001001110110100111111010111111111011
1111110101110111011011110110110101011100011101101110111111111111
1111110011101111111111110011100011111000111111111100010000010001
1101111111111111001101111101111101101000111111011011101011111011
1100000010100110001001000011010110101011110100111111100111011111
1111011101110111110010101101111110011101101011000101111111011110
1101001100101110111001110111001010111001000001111101110000110110
0100101111111101111111011001010110110110111110111111011101101101
0110111111010110011010101011001110111011111100111101110111111111
0101000111111111101011101111000111111110110110111011011110110111
1010110101011111111000111111011110011010011101011111001010111111
1011011010111110011110111011110110111101101111111111110101011110
1110011111111101111011110011111111101110101110110111110011101011
0110001111101111111101101111111000111110110101111111011111101101
1111011110111111111111111101111111100110101111101110000111001011
1011001111110010110111110111011111111000110010110101001110111001
1111001111101011011111000111010001100111111011101100111111111101
1010101101010101011011001010000110000111001111000001101110110101
1110111101111011011111111111110111111010100111111110011101101101
1110111111110001111111110001110011011011111111101110111111011101
1111010010110111001111101111111101110011110111111111110001111000
1000110001001101011011111111110110010010011000111111111111111111
1110110111011110101111010000000111101111101110110100000101111100
1101010011111101111011111111111101100000101100111011101111110111
1101110110010011111000101100111101100110011110111111011101011111
1110000101001111010010111011111010111111100100101111100111101001
0111111001101011011001110011000110100111111111110100100001000111
0110001110000110100101100111011101101101110011001010111011010101
1001111101000111111111101111001011011010100101111101111011011101
0111110111011100000101101111110100111000111111111110101010111000
1111101011101011111100011110111101110110110111110101101101101101
1010011111101011110100111001010111100101001101100001111111110111
1110101001010111101011110101000100111100011110010011011111100101
1100111110111111111010111101111111101111011110010111111111110001
1111110001111010011111111011011110111011111111100111100111011101
1011111101101100101111010110111011101100110101011111111110111101
0110011111010101101110110111010111001101110111000001100001111010
1110111001111100111111001111110111001111010111001101110011001111
1010111110111011111101010100011011110111111010001100011110000110
0110111111011000000100111101111011101110000010101101011101110111
0111010110111101111100001011111010101111001101010101111011111111
1101111101010010110011111101111111111110010111101111000111011001
0111011110111101111011110110111110101111111011111011011001011000
0110010101111011110111110111001111101111101010111011101101010111
0100110111111101101001010110111101000101011010011011011110100111
0111111111111001011110111010111101101011001111011101001001110011
0010110110111101111101010110110111010111111111111011101101111101
0000011010111011010010010000100001000110110111010101111011111010
0111111111011001111111101111100100100000101001111100111001011101
0010111010111111000110101010101111011100111001111000011110111011
0110100011111111111110111110101110101011111101010110011111011001
1111111001110111010111100101110101011110111001110110011110111011
1011011101111111110111101110011101111101011110011100111100100111
1111010110111100101000100111111011111001111101101110111011110111
1111000000111011110010101111101011101011010111100001101001011010
1111101110111111011101111011011111101000000110111011011111110010
1111110011000111111100001111111100000110011101111000111110111101
0110000011011111110110111010101001011011101100110011011111111011
1101111010110001011011001111111010100111011010110010011011111010
0011001111011111110111000100011110011111111011101111011111100111
0111110111111011101101111101101101010101111011111011111111000110
0011111000110100111110101111111110101100111010001111000100010001
1111110011011011110111011101110001011111111111111000111111111110
0111111111111001111100011001110000011100011101111111011111110110
0000110111011001001011001101011111111101101111000111011100111011
1111110010111011111111111110011101001110111110000100101111001101
1111001110111000111111111111111111000000111011010011110111101111
1101110111100111101100110110001010101111111011111101111111111010
1111010111101110111001111111111011101110111111111001001111111111
1100001110010010111011111111011100110100110111011111111100110000
1111111010110101001111000011110101111111011101111111111010111011
1111100111100111011000001100100001111111111110011011111101100111
1011010011111101111010111001110111100111110111111011111110101100
0110101111111011111011111001010011101000111111101010001011100011
