01111100011011101010110111100100
11010011111100011110011111001101
00110110001010111101001111110011
11011100111010011110110101100111
01111111010111101101111100001110
11010101011111111101110100011110
11111111110111010110110111111010
11111001111011111111110100001111
11101101010111110100111101111110
11011111111010111110100111011101
01111100100000111110111111111101
10110110001111011011111001111101
10101001111111010111101010111111
11011001010111101111011110010100
00101001100011111111111010111001
11111001000111111100110111101100
00110111001111011110111111101100
11101011111111101110100101110001
01111101000111111111010010101101
01111001101110001111110111101011
00100111111101011111011111011011
11011111111111010101111111111101
01101110110110101001001011010011
11111011011111010010111100010000
11111111111011110110101011111111
10010000111111111111011101011110
11111111010111001010011111111111
11111010111111100101110110111111
11110111111111011111111111010000
10111111111010101111111101100111
10000110101001111111010011101101
11101010110100110110101100011101
10101011101011011100000111010010
00011111011110111011111011111011
01011100101101011111110011011111
00101111111101011111011011111110
11011001111011110101110101100111
11100111101111111110111111111001
11001111011111111110111011110111
01001111111001101111010111111111
11101111111110111010111110101101
11101110100111111111001011001111
11101111111101101011101110011111
11011000011101010000111100001110
11011011111111111110011111111011
11011110011110110111111110111101
11100110111101101011011111110011
10010001011111110001100011111111
11011101101110011110111011001011
10100111011111101010110011101110
10111100111000101001111011111001
11001001110111111110010010101111
01110011111011011011111111000000
01001100100001101111001100110100
10111000111101010110010111010101
01111101000001101111111111100111
11110111111011101011011111001011
11001111110010111000110110011110
11010000111110001101111001111110
10011111111110111101111001111110
11110011101111111111111110101101
11111011001111111111010101111111
01001100011111110111011100000011
11010011001101110101011100010101
11011111111010111011101000011100
01011101000010111100001010011010
01101111011001111100110101010111
10111000100110111101011110101101
01101111011111111111101111110001
01001011110111011110101011101000
00011111011011100001101001111110
01111111011111101100111101000010
01011111011011110011111111101011
00000111110110000011011101010111
01111101011101001010100111010001
01010111110101010111100111011111
01010111111111011111110101111101
11110010110100100111100111111111
11101011110101101101111001011010
11101111001001111111110110110110
11100011110101011101011110000001
11111111111011111100011011111110
11110100111001100001110111011111
01000101110111000110110011111111
10110110011101111001101011110111
01101101110100110111101110111110
01111111111010000011101111111100
01110010001101111111101000101000
11110101110110100111111111011111
01111111011010100101110111111110
00011101011100111110111100111011
11110111111111100111111000001101
11101111001111110011101101111111
10111110111011011111101111011111
11101111101011111111111111001111
10001100101111101011011101111010
11110110011101101101110111110111
11111110111000001111111001111010
11100111011110111011011111111111
01011111111110111111111110100110
