01111111111001101100111001100011110111011011111111011101110110111111111010011111011111111110110110111111110011011011110110000111111011010101110111010111011011011111010101111011101010110010101010001111111111100011111111011110101101111101111010110011111000111111111101100101111110110111011111001101000001110111111110100111111000010100101111011101011101010101001011101111101100011111001011111110101011101011101101011011100010111101011100110101100111111101001110001111011101110101110101111011101011111111111000011011
11110110111110101010010011111101111100111011111110111001110111111111111110011111000111110101111001101111111111111011101111001011101011110111001110100100000110110011111111111111110111111111111111110100111111011110010000011011011101011111011111111100011111111111111101101011111101111110011111111111101111111101111111101111110111010101001010011010110111101011110101111010000100100111100001010101010111011111101000011111110011110111001110010010111010011011011100111111101101110110010111110001101110011011111111011111
01101111110110011111000111111111001011011001110101100111110010011111111011101111000110011111111000011111011011011011111110010111011010101111001010101010111111100101111101110011000011110110111110010010111100101110111000101101011110010011010001001100111100101011110111110101011111111111110111111011111011010111101010010111100110011101100100111011111011100101000110111111101111001110111111001101011001110010111011101110101101011111111010110111111111111011110011101110111111101101110011111110111110101110111110000100
10110111110011111101101100011111111001111111011001011101110110100110101110110111010011001011011011111111101011011111001101010101110010111111101110110011111010111111011101111111111111101111111100111000111110111111011101111110110101111011011111010101110001101001010111110110100111101101011111001111111011011111110111100011110110111111110001110011101101111001011011111010100011011101011110110101101111111011011000101011010101111100011111111101000111101110010011010011110111111001110111110101110011111001011010111111
01011110110011001011111111100111011111111111010111101000111101110111110011010111110101011011110110011100110100110111110110100111100011010111110100110010101111011111110011010111111111101011111011111011111111110110011101100101010111111111011111011110010100111011011101110011101101101111111011111011111111000101100111101011101111001110110101110111111011111110110111101110100111011111111001111110110110011111100101110111001111001111101101011100011101111111101000110011111000111111101111011011111110011100101111101111
10010011100011111111000111001111111111111110011101000101111111010111110000111111110010110111110111101111111110111011110111111111111110010001011101111111111111011011111101111111101001010011101011110100111001110111101100110101101111111101111101110100111111111001000010011001111111111111100010101111010111011101111011111011101111011111111011101100100111111110101111111101011011111101110111011000111111111010100011111011111011001111101111111001010001111011001101111110110110111100111011000111111100101111111110101111
11111010111001000110111101011011110011101011100111101111101111111001011110111111111011111111111110111101111011101100110111100101110011101001011110101000001100110111111110100101110011111011010101110011011111111011000111111110010101111011011111100110111100011011101010111001001111001000101101001110111100010011110111111010011101111101110000001011110111110111111010001110011110001111011111101111010001101111101111101111111111110000110011111101110111111111001110001111011111011101111110111111100101011001111110011110
11111111101111100111111101101001111111001000100111001011111101110011010110011101011000001101101111101111111110011101100001111111111001010111111110101101111111111100111111111110011111011111001111110001001111110001101111110111000111111111110110110001111111101111011111010010111000101111011010100011111111101101111111101111111111000111011110101101111101011001101111111011001011111010011111101110111011110110011001111100111111111111001111011101111011111110110100111011000001110110111110101011110111100111111011001110
11111111011100111110111111010011110111011110010100010011000101101111101011011111101011110101110010110100110011111001111111001111101110000000011110101111110111011111101101001111111011011110001001011111111111101111101110011100011001111011011111111101111110111111011110111110111011001111011110101011111011100110111111111111111000101001100100111110101111110110101011111110000011110001011101111111111101011011011010111101110001110111100110111101101101011010100111101110110101011101011111111111111111101101101100100011
11010101110100111101011100111111101110111011111011110100011001110111110101111011100010110101111101100110111011001101111110110111110000100011001111001111111111111101111001110111110111011110001010111011101100001111000111111111100101110011111010010100110111110001111010101111111101011101111101111001111011101101111101111010111011010011010111110011101101111111100111111011101010111111111111110111111101111011011010011010001011101111101111111110011000100011111110011001011110010110110011110010101111101111101111000010
01111100110001001100111111011111100100110100100111010010111110111111110111001110100011111111100111111001010110001111000110111011110011111100001111100011010101001111111111011111100001011111101111110011101110101111111111101111110101111111111101011001110111110001111101101110111001110101100101111011101100110110101011011010111011011111101101111100111110111111110001111111001010111111110001111100010101110010000101011010110011111010110111011011111011011111110111011111110110010111110011011111011111111011011111101111
10101011111001000111100111111011110100011101100111100111011110100101011011101001101111001111111001101110111101111111110110010101111001111111010010101100011100110111011101110110111011110111110111101111111101111101110011011110111110101110111111111101100110111011010111011010010011111111010110110010011111111111101011110100110111011101011011001111111101110111110011111110111100111001110111111111111101111111111111011111110111011001111010110101110111101111011011111110001011111111111011111101100110110011110101111110
11101011011111101111111111110101010111001011001111011101110101111111011101011100110010111111111111011110111101110011111001111111110101011010110111111101111110011101111011100110111111100110100111110001101111011011101111110011101011110111011110101111100011110110111111001010110101111010111011110111001110111111101101110101011111011111110110001101111111111111110011101111011111011101010011111100011111111110110101111110010111111100001100111100111110111111111111000111101110110101111110110001111011110111000111100110
11110010111000110111111111011100010011111111111001001001011111001010010010110100000101101111101101111101011100110010011101111111111010100111111101110001110111111010110110111111011111110010111101111011111001111111011110110111000011011101111010111100011111101011111110001111111111010010110011111101010111111100010011011111010111010101111100111101011010001101011001101101001111111111110010011111100011110011000101011111011011110111111000111011111111111111100111111101101101110011111111111111011111011011110011101110
01001101011110110111101100101101111011101011110101011111011101101111001111001111110100101110110110111101111011010111000111111101111111101111111100101001101111111110101100111101111111101100000011111111011100111101101001111111111011101111111111001111101010011111110011011101110111111011111001110101100011011111101111110110001111011010101111101010111111110011111000111111001011011111110101111010011111010101111101011111111111011101101001101011111011011111011111101111111111101111001111110011101111110111100111111110
10111100101111001111011011101101101101010111111110000111010001100111101011100111111100110111111111110101110011111100111011100110010110110111111110111101100111111110111011010111100111010100111110110111011011011110010011010101101001111110111010010111110111011110101111111101001100101111101110110110110000111111101111100111000110101011011001110000011111001111100011111101010111111110111111111111001011011011011111011111010111001111011111110111111101100001101110011111000010011111011101111110011111111111110100001110
01101000101111011111100111010111110110101010001111100101000101101110011011101010111111111100011110001110010110100011101101111110110011001001010010100011100100110101111101111100110011110011111111111111111111110101100111011011011100111101111011101111111111101010110111101101000101110110001110101110110111011110111100101111101001110100101010111011011110111111101011110011111010001010101011001100100011101010101110011100000011001010101111111011011100111101101110111110011101101111101111110011110111111001101110010110
11111100001001101111111111101101011111011110111111101110111011111110111111010001011111101100100010001011100110101111010111011111111011011110110100011101011001110111010110011001110011011101111111111110111011110011111101111110111101100110110110100011111111110111011111110111111111101111001101101111110100110111111111110111110111111111011011000111011011101101011110111000000110010111111111110111011011110111100000011101101010111011111011111111011101110111111110011111111110011100001010111010001001100111111101101110
01111001111101010111101010011010011101110111111010001111110011111011111011001011111011111011111101010101111010111110110111101111001011000111111101101101101011000110011111011110100111101111101110111111101101101100111001110011011110011111011011110111101011011010110110011000111111110111010001011111111111111111110101100100011110111010111110011111001100001100110011010001110101001101011101110100010110111111111101010111111011110101110111111110101101110111111010111101001011101101101111011011101011110111110101100111
01011011110010111111101110101101011111011110111110001110101111010111010101101011011111011000110010101011111111111011111011011111110011100111101101010101011100101010000110011011101011001111001110111110101010111011000111111010111111101111011111110100011011100110111011111111001101110110111101111110100010111110101101101101100101111101111111111111101000001111111010101010101101101001011111111111101111110110001111101100101001111111110010111011111001110111010001111111011010001110010111111101001001111111000110001010
01101100011101011011110111101111011000101101110110111011001011111011011111111111110011111001111100001110111101110101110111101001011110101011111011001111111000001111011001110000101111010101111001111111111100110100100011111111110111011111101110011010011111100110111011011011111110111011111110110110111110101100001010111110100111111011111111011101111010111101101110111010111011111001100111111010011100101011101011111110111111011010110101111111101011101101111111111111111101111111111011010111010111101001111110100110
11110111101100100111111111011111011110001001101100101101101111001010001101111111000111011101101101111011011100110111111101011111001111101100111110001010111110101111111011101100101011111101110110111111001101111111001011110101011110101011110110101110111001111101111011000111010010011110111101111101111111001111011111111011001111001111011111001101110111101110111111011001111010011111111101101111101000111110101101011000111011101110010000011101100110111110111101110101011111110110101010111111001110110111111111001110
00111111011111110111111111111110110000011000100101111011111110110110001111110011111110111110110110101001111111110100101001111111110011101110100101101111101011111110010010111110111010101110101011100101001111101111010111110101111111010101111111111101001111011110101101111011011011001011100111011111011010101000101100110111010111101111100111011111101111110110011100010110110111010111100111111101110011101101011111110110111111101110110010111111101011101011110110111111110011111111011111111111111111110111111101111011
11111111110000111110111001111101110111111100101010101101101011101110111010111110111111110110100111111111001101111110111000001110101101111111011000111111100010000011111010101111010111110101110111101110000101110111110111111110111001101101101111111111011001011101011101101111110110111101110011111111111111001101111110010111011111001101101111111101111111110110011010110011111111100011110100111111111111111110111011010111111111101110001111101111100011100101101110011110111111111010001111011011111110100111101111100110
10111010100001111110011001111111110110101010111111111110110111111100011111011111111110110011101001101110001001010111110111011110110101011111011110110110111111011111111011101010111111111111011001111010111111110111011011011111011101110011011101111110001001011010101011110111001110101101110101010111110111111111110110110110110111011011011011001111000011110110111111101011011010101111111011111111111011011101101111100101101100000100101111000011111101010110011100110111011101100110110111111110101010010111101111110111
10100011101111111101110100101101001111110111100100000101011000001111110111111111111111001101100101010010101111101101111100101111110011111001110101111000101101011001011001110010110010010001101101111101110111111100111110111111100011011011100111101110110111000101000101111101110101111010011111010011101111010101111101111110011111111111101110010111010101010000111111111101111111111111101100111000000010111111110010100110100111011101111011111111111110111101001011011111010111110011111011111110111111110001100011111111
11111011111110011111101101110111011110101111101110111111111101101101110011011011110111111101111101011101010110100101111001010100110101100011010111110110111100111111010011110101101111101111111101101111101101000011110001011111110101011110010111111010111111011111111011111110111111011111111111111101010101101111001111111011111110101011101011111101011111110011111111110110110100101110100001111111111111111011110111111111011111111111111111111101010000111101010100110010111000011011111110100000110110101111110011011111
11111011111110110101111111010001010011111100101110101111011100110111101100111011101110011100111110111111011001111111111101101101111010110111111011000101110011001110100101001101110111111001001111111110111111101111001010010101001111101111101111000111110101110011111111110011101110110011100011110111010010101011010110111011111100111111111110101111011000101111111011101111111011100001111001101111000101111101101011111100011111010111101111010101110110010011011111110001011011111111111011011011101011111111111111011000
11111110111110100100010110101111101111011101000011111101111101111111111101111111110001111111111111010111110100100011001011001110001100111101011111111111111110110110001011110101101111111011111111011001010110011111101011010110110111111011110111101110011010011111110111011101111110111110011111111001110111011101010111011101111111110110110100111101111101111110001110011101011111011111110110010111111110010111110011011011111111111011101110101011111111110010101110100011101101110001101011011101111100000111110111011101
11101001110110110111111001111111101110111010111011101010111111110110111111110111111111001100111111101110110010001011101111111111101011111100100101110011011111111101110101011010011110011110011110111001001110011111101000100111110111111111100111111110011011111101001011100101011111101101111101101111010100110111111000101111001011110101111011111101101011111010001001101111110111110000111101000111111111110011000011111011111101110110110010111111101101001111111110001111101101001001000101110011101001011010111011111110
11100111010011111000100110010111111011100111110001110101010110111111100101001001111101010111111111100111011101011111100011001010100110011001011111111011111101111110101100111001000010111110011011111011010111100001011101011010110110011111011100000101101111001010100111111100111101110110100110111011111011100110101101101100011001010011111111110101011110011101110111010011111011011001101100011011110111111010111111011010101111111111100010111100100111111010111111110110001101101110001101111110001111011101110111111101
11111011010101101111001100111001111011111001101111100111011110100111110110110101111010101101111010111101001111111101111111110010101011110011100001100101011111001111111010101101110111111011001101111111111001011010101101111011001001110111111111111101111111010011011001111101010111110001111010010110101111100101110011110010111111100011001110110011101111011001111011101011110100101111111111111111111110111111110110011101011111011011101011101101111010110011111111111101001111001011000111111111100011110011100111111111
11101111001111110011001111000101100101000110110101111101100111111010101111000101010111111111011110111011001111011111011011101111000010110111111010011110101000100011011110011011110101110011001101111001011001101111101110010000110100000110011110110001111010111110111110111001111111111111111111110011110010111001111111111101101101011001101011101100100110111111011110110001011111010111111110101100001011001101011101101111111000111111111111111111010111111000100011111011111101011110010110111111111100011110000111011001
01100001100001100011111011111111111011011011101110101111111011001111101011011111101010101111110101110110101111111111110111100110001111110111001111101001111001111110111000111111111101111110111001001100011111001111111011111111111111111110110111111110000111111010111001011111110010011100010110011111111011111011101111011010111110101111010010111110101010111111111110111111101000011011101110101101010111111110100100111111001110100111000010111100100101101110111011101101001111100011101011111110011101110111110111111101
01110101111010101111101011110111111011111110011011001011111000111011111111001001111010001110011100110111010111110100111000011001100011010101011110100111111000111111111100110011101011111011111110111011101101101110110110011110101111111011010111110111101100111010111101010011111101110011111111000110010011011001101111111001101111000111001110111110110011111100111111011010111111101111011110011110011011110111011100111111111101110011111010011001110011111110111011110111011111111110010011110111001111010110111100111110
01101110011110101001011001000111011111111111001111110111111101111011111101011111111110110110110010101111001110111110011110101011011011011111111110101110111100111110111011011010111101110101011101111110110111110110011011101111110011011100111111111011100111111111111010111111011011111011101111011111111101100111101001011111111111111110000101100010110111010101101111010001001111111111101111011011010101000111001111100100011000011111111000111111111111111011000101101011111110011111101111011101011111011110111101000010
10010101110111110100011111111100100111111111011111001111010011110011111101111111101001100001111001111111011111011101111111011101001111111101111101011111111001100101111110101101101101110010010111111001111110011101110011101100111111101101111111010001110111111111011110110111010011010011111111110100110111111111111111001111101011111111101011001111011110000101010111111100111110100101010011011110001111101000111011101010101101001111100111101111110110010111011101101111111101011101111000001111100111111011111010011101
11011111010111011110100110110110111010110111000011101111110101111010111100101111001101011011101101111111100111111101011111111111110111111101011100100111111011101000111100110010011111111010111111011101111010101011100111110010111100111000111101111110111111110101111110101111001111101011011110101101111011011111111011111101101110110001100110101011101011101011111110101111101111010110011100010111101111011111010101011111101111111000110011100101101101110011110111110111011111111011111110000001011111101001101011011110
11110101001111101111011101011011111111011111111101101110110101110011111011010011111111101011111101011111010011101111101111100110101110111111010111111101011011100101101011110100111110110110110111111110011000100111010011010111111100111110001111111111100011111110101011101110101100011111111111011110100111001111110111110101011101110011111010110111101010011111011001010111110111111111111110011111011110101100111101111101111110010111011110010101000101111101011110111101111011111011110110111010111011110111111101011101
01110101001111110011101010110111000100111101111110111001110011010111000111010111101100101110111111110110111101010111011111011011001111111011111111010011101111111111010110111101010111111011110101111110111111110101111010111111101111011111001101110111111110100111101110111011110011110111111111110111111110011111110001011110110110110110111011111111110100111110111111110111111111111101101011101000101001011110100111111001101101111100010011111101111100011001110111111111011010110101100111010010100111011011111111111111
10111001010101010110101111000011111001110111011110110011111011111110110110011101111111111101110110011011111100111011011101110110110111101110100110011101101011011111111001111011000010010100111101001111111100111011111011100111111000111011111110111111011111101111101011110111111110110010110001111101011111010011011110000101111110111101111101111101110110111001101011111010111110111111111101111010101111111001101011011001110110011111001111111111111111001101110110000011010000011111100100010111111111010101011010110101
11011111001111111011111111100111111111101111100100110111111110111101111111101011001101101010110111111100100011100011101111011111101010011101111001011010111001111111111111111101110011100110010111111011011111010010101010101011111111000111101110111111101110101101100011011111011010111110100111100111101111101101111101001110110111000100111111110101111001101101111111010100111111010000101111000011010011111111110000111110001111111111111011010111011100011111111100110111100110100111111101110101110110011111110000111001
11111010011010101011101011110011111110111111011110110001011101101100011101111010111100011011110010010111110001110111110101110001111110010111111111101111101101111010010011011111101110111111010101101100111111101110111111101111001010110100111011011111111110111111101111011111110111100111111010011111111111001100010001111111011101110011111010111001010111011001100001111111111011011111100010010101101011111100110001111101010100011011101001111010101111011011011101111001111110110111110111110100111111000010111110111111
11010000111001011011001111101001110101011110111111010111100110111111111011111011001110011111110111010111001111110111110100001011110111111111010110011101110100111110111100001111110010111101110111001111000001110100111100011101011101111100010111101010111110111100000111011110001001101010001011100111101100111101100101101111101111111110000110111111100101000010111101001100111101110101101110100011110110111101011111110011101111011001110101111111111111011001001111111101111101010110111011101011011011110000111111101110
11110111111100111110111110011101111101111011111111111010111111110001010111111011101010000001100111110011111011111010101110111110011011011010110111110111001011111000101111111111111111111010010011111011111110010110111011001111010101011100111110111110011100111101111111001011111111100101111111010101111110010011011101011110010011110101011110110111011011001111110000110110100111101011101100110001101110010111011110101110111011111010010101101010011111101111010001111111010010110111111111101110001001101100111101111010
11110001111111000110011111011111111110101111100010111111011100011100011011111110011111111111110101110010111101111111011011011110010110111110001011011001011111000110011001101011011111011100011101110001000001111111111101010111110111111110111000111100011010011111111111011111111000100111010011100110010111101010011111111111111111100011111110110111101110010101110111111110111010101111111111101111111110101111001111011000111111110110111111110111111101101101011001011101011001010100101101010111110011000111110111110010
11111011010011101101110100010011011110010011111111111111101000011111011111111110100001001111110111100111100011100111011111111001101101110001110110111110101111011101110111111111101011110011110111101011111001101000111100111110010111011101011011101111110110101111101111011110000011010101110111001111010111011111101110111101101111011011101111111011111011011101011100110011111111011011110111110101111111010110110111110111111011011011111011110001100011111111111110110011001000110111000110111011111101101101101110111101
10000110111101110101110111000100100110011001110111010001111101111111111011111010011001011111111111110111011101111011011011011101101011111111111011000111101111011110111110101011111001011001011101101010101111101110110001111101111111110011001000100110101110011001111001110001110111011100111110100111110110100111111111111110111111111111111111101001111111110110111111010111111011011101111011111011111110111111111100111110001111011100110111111111101111101111111011101111110001101100110110110101110111110111110101110011
11110011101101111100101011011111111001111111111110011111110111110011110111101101011100110111001111000010101101110111110101111100111010111101001011011111010100111110111111111101011110111010110110110111111110111111111110011111111101111100111010001111101111011111100101110001011101001110111101100111101011001101001001000101111110010001101111111101111110101111111110111011101110011101111111011111101011011111011111110101110111110110111111110001011110011110011111111101101111110110111111111001111111111000101111011111
10101111000100011101110101110111101011111001101011111111101101111110101011011101001000111111001111111011011111101111001001111111111111000110111010101111111111000111110101111001111110010111110100001011111111011011100001111011010000111001111110110100101010111011101011001101110010111101111100111111010100001111110111101111111010111101111110110001101111101111101001010110111100111111011110110111101111110011011101111111001011110110111011111111000110111111101111111010100101001111101110000111101111101010111100011101
11101101111010111101001001110111110101110011001011011110000100000001010111111111101001111000101111111010001110011001101011111001111111100100101111111001100111100011110011110011101010110111011010001111111111111110111011011101011111101111101111111001100010111110111110111111111001101110011111011111111011110010110111011010111011111111101001011101010010101001110110111110100010111101111111111010111110111101111101011110011100110111110111010111011011111011110101101011001111111110110100110111110000011101110111101111
11110101011110011001111001111100110101001111011111011000111101011110111101011101111111010111110100111001011110111101111001110110100111100110010111111110111011100111011110111011011111001111101011111110100111100000111111011010100001001001111101010110101111001110101101111111011111111001111010101001111110110011111101100101111111111111110010111010101111101110111111011110011011101100100101110010011011111010111111110010111111111101010111101010011110100110010110101101010001110110111111111001011110011111110011111101
01111101110100001111110010111101111111111011110101110001111101111101001110110110111000010101111111111111001110011110101100110100011100111101011111011011101100110010101000011011110110110110110011101111101010011100010101101111111111111011111010111100111001111110101111011011111101111110000111110010100111111101010111101101111011011010011011111000110001110110011000111110111111011111100111111100101011001111111110011111010111011111011110111111011101101101000111111010011111111101101001101000011101110011111101101111
01110111010001110010101000110111111011010011110100011000110000101011111101101010101111111111111111101001111010011011111011011011111110100101110110001111011001110101110111010111110010111111110111111111111000100011000110100110101111010101111100011111111111011111001110000010011101011111011000111101011101111110011110111110011101010010111011011011100011010101011111000111111010111011111111111110110111001111011111011001100111110001111101011111010100001010101111101101011001110100111111101100111011111110111101101111
11001101101111111111011001100101111111111101010100011101110110111111001101110001101111101111111000111110101111111011111001011011101011011110110011110011001100000011011111101111010111001100110101110011101101011101111000111110110100001011011110110111011001010111111110110011111001110101011111111000111010111101101011110010111010111100111011111110101111001011011011101110001011101110111101111101011111111011110111010111111100101111110110111011010101011111111111111101110110100110011111111000101110001110111111101111
01111001110011011101111111010111111001111111111010001111011111001111011010101001110101001001111110100101111010011110111010111011100101010010111111010001101111110010110100011001111111100101000111110010111100000100101000110010111111111011101111111001111110111110110111001001001111110111010111010111110110111110010111101111011110101110111101111001110011110110011011011101110010110111001011101110111000011001111111111111111110011011111111100101110101111001011100111111111101000000110011101111001111111000001111101111
11111011111001011011100111111111101110111111100110111001110101110101100110111010000011101011001101111111100110011101100111110111110011000010110101110111110111111111110011110111010001001001011001101110111110111010111001101010111010011011010111111011111111111111111110001110111100110111101101100111000010111100100010101111100101111111111101111111100010111111111000110010011011110111111010110101011100000101111011101001010101110111011101111001001101111010111101111011101011110011111101001111100111111111011111101100
10010011001011100111101111011111111101011111111000111101111111011101111111111111111011110111011010111100111011010000111011011111010101110100001010111110111101101110111101110011101100101111111011100111111111101101001110111000001101111111001111110110111101011111111100111101011100101111110011111111101101111001111011111111010110011111110101101110101110010111110011011011101111011111010100011011000101111101110111110111111101111001111011011111101110111001101011011110111110011111110101101110111101011111111110111011
11110111101111101011000111100001011001111011111100000111111000101110100101111001101101100111111111101110011110111111111111001111111100101011100111111100011100101110100100110011111111111111111110111101111111111111001001111001110011111010111111011111001111110111011101011000011011111101111101111011101000100111111100010111101111101110111111101110011001110010111101110111111001101111111101011011100011101001111001100011110001011011010111100110011101101111101101001111111110110001010011110110101111011111111111101100
11100001101111000111111111111110011011010110100101111111111111111111111110111111110010110101111101110111010111110001111111000110110111011111100011100101111011111011111111111111111110111111110011011111111110110111011111101101101110111010111111111101001010111101011101111111011001111101011110111001101011101111101111111110011111111101100101100111110011110110110111101111111010110100000110111111111110011111001100101110011111001011110011010110111111101011101110111111101111110110110010110111110011111011111100101011
11111101101011011101110011110101111011011001110110101111000101111001011111001011100111001110111011111111110111110111001010111111101111111101010010111010111101100011111010011011101011100110110101011001110101111110011111101111100110111111110111111111111111000101110000011111111011011111111001010111101111110111101111100101110101111110110111111011101111011011110101000110111101011101010111110101101100111111011111001010111101011001110011011000111111111110011101111110011111110100101111101111111100001101111101111011
10011111101101111110001011110101011111111011110010101000011101011111110010101111111011111100111100101110100011101111100111000111101110110111110100111110010011111101011111011001100110111111011111111111010101101111000001000111110111011101110101100110011111111111001110101110111111111111111100111011010110111111111011111111111111111110011011101110110111111110111111111101000011111101111101101100111001101111111111111001011110101010101111111110110011010111110111111111010111110101011111111111111011011111111011011110
01110011001110100111011111110011101111001111011110010010100010011011111011111011111101110111001011100011111111101101111111011101111100111011111111000110101101110110111101101011010110001111111101110111101011111111100111100111110110011011111110001011011111111111001111110011111011101010101001111111001100111101101111101100001111111100010101101001000001011110011000111111000011101011011011111011111101110111011101101111011100100011111111111111111111101101110110100100111111111110000101110111100111111111101100111110
11110010111011101111110111001100110110111110010111110011110101110111110010001111101111100011101111010111111111110010110100111011111111110001111011011111111111110010111111101101111110110100110010111111111111111111011101011100000111001001011111101011011111011111011101000111111011010011111011110101111010111101111111110001111111000110111111110111101110101111011011111111111110101111011010110101111110111101110011011100110000111111001101111110001100011110111001110111011001011110110111011111111001111111110011110101
11010111110111011111101011101111011110100101011110110011111111110001111111111000111110100110000111111111111101010111100111110101111100111101100101111110010001010111001011111111111001100111111111101110101111001110111111110111111111110110111111111010101111111111010101011101011111010010010001110110111111111101011001011111101011111100011001111111010011111101100101001101010101111011001111010101110111101110111010010011111111011011011111111101111000010110100011111001111111011101111111111101011100110101100011111011
01110010111110110111101101010111111011111000100010000111101111001101110010100111011010010001001000000001111101011001101101001100100011101100101011011111011111111111001011011111111110011101111111011100111110111111110011011101111000010011101111101111101111001011110100111111110111100001101001010111111111010001101001010011111111101111111110011101111110111111111010011110100111101111011111011111111000001111011101111011111111111101111111101101010011111100100111101111101001001111110111011000111111001100011111101101
01111111010010101101111110111111111111100011001000111111101001111110111011011111111101100011111111110111101001010001110011110011110101101110010110111111111111111011011110111000101010001011011111110111111000101101111111111101010001111100111110010011011111111011011111101101111100111011011111011110001110011001101111111111110101111011101001101111100111111011010111110111111110011100111110101111101111101010010010111110111010110111111111101111111101101011111111111111110111111110111011010111111111110001011111111111
11101011111111011111101111110100011111111111111100010011110110111100111110100111111111110011111100111100000001101111111111101111110011011010100111011101111111001101111101110111110111111101110000010110100101001110110001111101001110011111111111001111110011110111111011001001110101111011001011101110111011111111111111001101110111111110111100101111111011011001110111000010101111111110111111111111111111111101101110010101101111110111111011011011011010101100111100100111101101110100111111111111111111111111011011101111
00111011011011011110111101110110110100100101110111100010111101111111110011010101111001111101110111011011011111111111101110111111111010110111111010111111010111111001111100111111001110101111111111111111101100011110111101011111010111110111010111001011111001111011111110011011011111111001101111111100111000010111110111011111111111111111101011110111111110111111010010001011010101100011111010010111110011011111101111011111111011011101110101101011001111111101010110011010110101000011111101110111101110101111100110111110
01110011010111111101111101110100100100111100101111111110101111010101101111111011011110111101111100011100110111111111011111100101101100100111110111111110101100101111111111111101101100000000110111111111110101110011011101011111000100110010111111011001101111111101111101111101101111110110111100101110010100111011111110101010100011011101111100101001101111011111111010101011101111100110111011110011110111101011110110011111111110001110101011001010111111100111101111011110111101001100101011011110111100101010011100111111
01100101111111101101111111111111110101111101110011100111001101101111001001111010110111111111010111001111011011001010110011111111110000110111110101101110010111101111110011100110110010100101101110001101011111110011101111111101111011110101110010111101101101111110010100111110101110001010111111101111011000111111111101011111111111000101111011000100111111111110101111111001000101111111100011001100111111111010101001101111000110011100011111101111110011010111101001110110111010001101100100110111101110001101111111110111
01111110101111101111001111011111110111101111101110111110110101011101111001011000011000011101110111111010100101110001101111100111000011110010011111110001010011011111110011010111011110111011111011111001100011110111011111111100011101111100100101101111110110111110011101111111101110101011111111110111111111110001101110000111111101111111011111011111011110011111010100111110010111101110110011111011111110101010110101110111011111011011111010011101101111101011101100110110110001111111101110111110100101110110111011111110
01010001110000110101101110110011111101110011100101111011111101111110010000111111101111111110110011110111111001000011100110101111111110101110111110001000010111001110111111101001011111011110110100001101000111011111111100110111010111111111111110111111011111011011101100111100111111101110111111010100111100111111111011100011101101111110111101100111000011110101111110100110000010110101111011110010011100101110010101111111110101111011101101010111011100001011110111111011101111110110101110111111110101111111111111111101
01000101011101110111000111111110110111010011101111111110110011111100111110111000111100011101011111111001011001110100110001111110110110111010001010111101010110001110010001101100011010110101111111101111111001111001111010100111111111001010110011111111010010010101011000111111011101111011111100111110101110010100100101110111111110110001111111011111111011111001001111110111001110110000111101111111001110101111111111101111110110010011110111011110101111011010010110111101110011111110111011110111111111111111101110011011
01111110111111111110001001111111011111111111110100011110010011011101110000111111100010101110111101010111111101111111011111100001011011000011111111000101111110000010110000111111110010111110011111001000010010100011000011111011101101100111011100110011011110101110101100111111110111101111111111011101011111111101010111111111111111101111111101100101100100010011001110110111101011111010111011010111111011011101001000011110111110101110100110110100111100011011110111101011001111100111011111010111111111111111111011011101
00010011110011111110100111011111100110110101101101101010101011111011111111011110111101010011100111100101101110101001011011011001111101111101010111010110110110111011111111100111011111110110110011011111101111010001100011110111111011110011000010100011110111110010101011111000111101010111111111111101110001111101010011011010111111101101101110111011111111110011111001111001110101111111010011111111100011111100111011110111000111011011111111011110111101011111111110110111010111011100111110110101101111101010110010010111
01110111100110110001110011001011101111111011101010111110101101011111111111011110010101111011001111111011111100111101001001001100110111011100111110011111110110111011111100010111110110100100011111111011111100111101111101001110111111101111100011110110110111111111011111011111111111001111011111110101100011111110011011011111111011111101111110110010110100010100111111111011001011111101101110111111111111101111001111010011011111110011111111111101110111111001110000110101010100000111011110000111111011110110110110101001
11111011110101010110010010011100001111011101101110100011011100111111100100011110111111011001111110011100111100100111011101101000111010011110100001101010111111111110110001101011100011111111011100011111111110110111110000111110001010110010111011110110011110110110110101101110011110011111111101111110001110010110010001010111111111110000111101100101111011111010110101010101101001111110111111011010011010111110110101101111111111011110110110111110101010110111111010110110101111011111111111001100101010011111111110011010
11011011011111111110011111100100111111111110100111100010111001111110111101011111011011111111101111110101101000110111111011101010011001110101111010100000110001111111110011011011011111011001110110111111010110111111001100001101011111111111111000111111101111111001010110010010011001100110110111101110111111100001011011110111011101111110100100101011111110011111110110001101001101101111011111110111011111111101101111101111111011111100010010111011111000011110101111101111111100011111011010110110101111111011011111111101
11111110000001110101111011011011110101010111111001111011111001101111111011101001010111111111010111100111010101000100001111010001101000111101110110101110111111111111001111110111110101110011011011111001011111111010101111111011011011101110111100110111110000110111100011110111111111111100010001010010111111111010010110110111111011101100100111101100100011010101001011011110101110110011110001011011111011110110111010111110111111011010110011111011001111110111001111111101100110101111110010111111000111011111110001001111
11111011010001111000000011011101110111010110000110111110101111110101111110011110111111110011111101111001001111111100011001001010111111011011110101111001111110001101001111111100110110001100111111010001001000011111111110101101111111001111101101111111111111101001111101110101100111001000011011101110101001010101100011101111110011011010101110010011111111111111011110110110111111111011010111111011111111011011011010001111010111110111111011111100011010011101110000011010011111111011100001101111111110011110101111111011
11111110111111110011011111111010010011110111111010111011011101111111111111111111101111001001010001111010111101011111001000101111111111011111010111111110011001101111111111010010100110111111100111110011000111011111100011111101111000001110111110111111101010110000110111010110111111011111110110111101111100011111100111011111101111101001101111010000011111001011110111101111111110110110110010111111110000111101000101101010110100111100111111111110100101110111101110001101101010001110101110011111111111010010000111111100
11111111110011101101110110101111100001101110111101011000111010110111000100011111111001111011111001111111101110011001010011001010111111000001110100110101111111101111100110101100110100011011111111101100111011010111111010011001100010111011101111110010111111001110100111111010100101111011111100111011111101111101011001111011011001101110111111010100111111011111101111111101011111100101110111101101111111110010111110111101001111111110111111111011101001100100111101111010101101110001111111011101111111111111010011111100
01110101011101110001110110100111111000111011111111001111111111010110110110110110011110111011011111011001111111111101011111101111110111101111010101110111100010011111010101001100110111111111111111110000001111111111111110000111111101111101000111110110000111110101100111011110111101111110111110011101001001110111111100011011111101100011010010111111111001110101110111011110110110011011111110111101110001101111101111111011010011111111111100011111110110101100010110001111011111111001101011111011110111111011011101010111
10101111101100101111100101010110001011110011111011111111011110111101101011010111111011000100100100111011001011100110110001110010111001001111111100111001011011111111011010011101111010111111111001101111111011111101011110111101011011110001010111111010101001100111111110101001111011011010101110111101001101111110011111011111011011111100000110101111111011111111011101111111111011111101011011110100111110001111111111111000110111110111111110011111010111111101111110111011111111101110110111100111101110001101101100111001
00011111001100111011011110111111111101111111110101011111111011011110111111111011001100110000110011111101100100111011100001010011100110111111100011111110110101110111111100101100110011111001110000111110111111001001111101011111111111110110111111101011011111011111111111111111011111110011111010011111110111110010110111011011110010110111110011111111011001011011110111111111110101011011111100011111111001111111111110111011111110010101011111011101011000111111001111100111111001101111110111111011011111001011111101001001
00111111111110000101101101011110111110011110001110101010110111111001111101111111110010101011111111001011111111010011111001110111110001010111101111010111101010011111110111101101111111100011111011100111110110110111101111001011110010110011111111111111111111111111110110111111010001101101111101110111111001010111101111111011111100101110111111100001010011111111111111001110101110011111101110010001010010111111011101001110101010111101011011101111101110111100001001111111110111111111011011111011011110111011100101110101
01011111101100110111110111101101101110100111111101100111111110101010111011101100101000111011111111110110111110111100111011111010100011010111111101001100111111101101111100111111110100110011110100111111111011011111101011111111110011110101101111111011100101011011011011110111111111111111111011110011111110111011111011001101010111100011101100100111000011111011111110111001111111111111100111101101111010111111001100011101001111110011111001101111101111110000001100111111111111110101011111001111011111110110111111110111
10111101110111111101000101111111111000011111011010011111111101111100111101111001011011100101111110010101110111111111110011111111011111110110101110110011111111110110000101000101011011101101101111011111101111100000011111100110101110101101111001111011010111110111100111111111111010101111011110011010011101110100000111111111111011110101111011110101001111110000111101010010110111110000111111101111111011110111111111111111111111011010110101111111010111111111111101111110101111101011111111101101011101101110001111100111
00111011100111011111111111100111111111011011111011101111111111111101011010111011010000111010110101111111110111011101110110111111111111110101000111100011101111111010010010000110111111100011001111111111001111001101001011101001000111111111111101110110110100011111101011111011101010101111000111010111011110011111111111011111111110101111111111000110001101111101111111010111110111001110010111011111101111111011100010100111011011011110110110111001110111101100001111111111101101101011111111111111011000111111000111111101
00000010110101111101111001111111111110111011111111011111101101111001111001111111000101011101110110101111011111111111100111100010101111110101101110011110111101101011111101110101111101011001101111011101110111101111101111010011110001111010101111011111011111001111011101001111101110111100111000100111100011111010110111011111011000111110111111111110101101001111100110110101010111111011110111001000100010011111000100100001010100111101100110111101000111011101010110001101111110111101101010111011111101000101111111111011
11111111110100011100000010100110011000000111011111111011010001101101110111011011111110101111110110110011111011110110101111011111101011111111110111100100010001011101110111101000011110111111011111111111101111011111111011111111100111111111111111111101100110100111000110101110110100110010111010111111100110111001010101101111110111101110111110111111110110111111100011111110111110011101101111000100111111110111011110011011110111111011001101110100101001110101111111001111101010110000110111011110111111011000110111111101
11111101010000000011111011111011111000110111100011110111001111001101111011100001011011101001101100111011110101101111011101110111110111110101111111110101001011110101111111101100111110111101101011001011100101100000001010111111111110110010111100111110110111011101011101000000011111111111111110110111101000011110111111111000011110101110111111100101110111111110110111101110110110111110010110111111100111111111100011101111000101001100001111011101111010111110111111110110001111101111111100101010111111110111011001111110
10101111111110111101101110010111111011111111111111111101110100111110101111111001111110100011111100100111111111011101111111110111000110111101111111111110110000010011011110111101100100010111100001110101101110101100110111111111111111110010001111111100111110111010101010001010100010001111111111111110011111110101100101111110000111010101001011101111111101111111101111011111101111011100101001110111011011110111111101111111111111100111110100101111101110001010111010101011101111111110110001010001110111101110101110001010
11111111010010011100111111000110111100111011011101110101100101011110101101101111010011111010110011111110010111001111011111000111111011000111110111110110111011101111011011110111010100111101111111111110111011111001010010100011011111111100010100001101110011111001101111011100101001100111111101111011011001001100101101001111101110111111011001111010110011101111110111000111011110110111111111110111111001111110100011110110010000011111111111110100011111101101011101010110000101111100101011101101111011101111111111011111
10100001001011101011101111111111110111100101110111001111011100011100111110100110111011111110100110011011011101110011111111100111110111100100111110111011111101111011110110011111011101001101111111101110111111111110001010111011100011001011110111111110111111111110001111000000011100111011000111001111110111000111111011111111111110010101111111101111111100011111111010001000110100010011100101001100010111101111011101111111111111101011101111011111011111011111101110101100111110110111101101111001011110011011101110111101
11111111101101111111000110111110111010110011111010110110010110111111111011111011110001011101101110100011110111111111110111011011110010101110010000111100111111110110110101111101111011111000101111111111111100001110011111011101011110111011111011110100011101110110100110110011111111101111111101001111111111011111111011111111001100101010011100111011100111111000011111111001001011111001111010100110001111111011001100111011111100111111111001100011011101111100010110011111000101101101100111011111101000000101011111001011
11111101111111011001101110110111111011111011000001111001010100011110111110111111101011010101111111111010011110010001110111100011100101111110101111101011110110111110000101111011011111111111110111111111011111111011111110011111000110111011111111101111101010111111011010011111011101111111011111110101111100001011100100111010111101101101111110111110111111011110111010001011111111111111111111010010101011001110001111101100011111111111011011101100001110111011001101111011111010101000111010011111110110111111111011111010
10011111011000010101110101111111111000101110111111110111111001111110101011011100001111110110010111110111011111110101111001110110111111110101001111011011101111111110111111111101011100010111111111101111110111000001111111110011011111011111011110001111011111110000111101111100101111111111111111101111110101011111110001111111111011010110110111011111110011111101111001101101110111111111011101110111011011111110111110110111111101001010010111010110111011110011111111101001110110010101001111010101111111100010000100110111
01110011111010111010111111101011111111111010011011111110111011010101101111111100111110100110111010111111011111111111001100110111001111111011000001111110011101001010001111111111111010101111101111011001110010100001001011100110011111111110001010011100011010011011111001011011001100101011110011010101011100101110010110001111111110111011011111111011110011111111001111011111011111101111111111110010001001110111110111110111111011010011011001110100111011111010101100100111101011011111101001101100011011001111111011111101
