1001111000101100100010111110110110111000110111111001011010000111
1101100111000010101110001110001111000101111110110011110101010000
1001010110101000011111100011101100011011110111011111101111011101
0111001000001011011011100011001000101110111001010101011100000111
1100110110011111001111101010000001110110001011011111101010100110
0111011001010000001111011001011100100110111001010001011000001011
1101111110111000111100111000110010110001011010000111000001100111
0010100010001111001010000100011110101101111000010110011010111001
0001101101000010111100010000111101100000000110101011100110111000
1001111011111001111010100111111011111000001011001101110111010101
0010110100111010011110110001101001111101110101001111011110010110
0110011001011011000101100100000110110010101010100100101001011001
0001010001110010011001010011001011110110001010010111101110011100
1000101010101101101001101101000100100111000011110011110000010111
1100110011001001011001001001100111010001110011001111111111000010
0100110110101011001101111110100111100001101110101011101001010100
1101101111101010000110101101100110010101111111111101111010111101
0110010011111111100100011111111100010101111001110110111111001011
0101011010010100010011111111101100010100101110011111100011110110
0110011011101100100100111111101101010101111001010010111011111101
1111001011010100110101001001110101001010000010110011001111000011
1111011011100111110100001000111001000111011001101001001110110000
1000010110010110100111101111001000110100101000110011010110111111
1110100110101000001000000101111110011111101101101001100110000111
1111100011011011010100001000111111001101101101010001111111011001
1000110100100100001101001000001000110011001111111001010100100011
0011010011001010101010100011001100001110011000101010001011001011
1110011111011100001011100111011111011101011011010111111011110100
1101111111011000001001101001010000110011101110101001001111110110
1000001110010011000110111111010011100101000101001011000110101111
0110110100111001010111100000111001110011110110100111011110000111
1001001011111110000100111101111111111000011100111101010000000010
1111100111010010100110111000100100010111101111100111110010011011
0001110010100011010110111111011001001111111011000101110001100000
1111011001101001101110110010000111010101111011110100001000100001
1011010001011001100100111110011010001101101000000111111111110011
0100111111000100010011110001000000011110000001001111111011111111
0111001001010111110100011011111110100110011011010101000011101101
0100011110101111011000110110010111000000001101101000100010010100
0100101111001011010011000100001111000101000011111001001011111110
0111110100010000100100010110001001101101111101110101010101001000
1010101011101011110100100010100010101111111000000110100000011001
0110100111001101101001100101101000110111001100001110010100101011
1100111100110110101011101101111100100011111101101110010000010101
0010011111111010101001010111011101011110101101100011011110111110
1000100110101101110011111001110101101110001111001111110101100110
1101100001101101110101010001111011111001111110101101010100011111
1111001111011111011111001001111100111111000111001111001111111011
1100011011001101010011011001100100101111100011001111100001111110
0001010100100110001111011101111111100001001010001101100110101000
0110101111110010000111111100100101110101100101100100010001101110
1011110000010011110111001001010101000101111000110111001111101010
1011110101011011110110010011010111001111111111111111000100110100
1010100100110110010010101000000011111001010010101111001001101000
1101111100011010001001011001011100110010111110110001001010100010
1001100011000100101011001010010111101000011111011001100001011111
1001001111111111001100111001011101100010101110110011001011010000
1111001101111011101111111111101001011111110111001110100100011101
1000010001111111101100111100011110111101010110111000111101101110
1001000011111010111001110100100110111100100001010101110110001010
1100010110001110100011110000000111001011110011001111001110110011
0011010011101011010110010101111110000000010100100011010111010111
1010010111100101100110110100000100101100100110010000111001101111
0101111000011110110101101100101000010011001011110001011111101101
0111101110111011111001101110110100101011010111001111100111101001
0011110111111111011101110111011011111101100101001111110100011101
0001010011110110100010001010010111110110111100010010011011101101
0100100110000001010110100010111001111100110110000111111101011010
1001011111110000011011110010111011111110011000011100011010001110
1101011010101100110000101111010111001100110100100110111110110000
0101110111100101101000101111001011100110100101001111100010001101
0111100111101101110010100111000010010100101101100101111000001000
1000001110111001100000100001101111111101101011101100110101100011
0111101011010011001011101110000111111011110101101111011111001000
1111110010010010100111010001000101011010101000010000110011101111
1101101001001001100001101111010000011101111111001100110010010101
0111111101111101011011101001100011110101011001110100001011010110
1101111001000011011011011100110000111001110110001001101010111110
1010110100101010010101011110001010010101001110100000110110011110
0010010011100001100111010101011010110101011111001110110111111111
0111110111110011110010111111110010001111111100100111010100010010
0111111101110010010000100111100100110101111011011100010001100011
1000011010101001000101000010011011111111101010100001000011111101
0110101101111101011101100101110011100001000111000011011111111001
1011100001110111100111011100010110000010011101111100111111010100
0111010011110110010001111011101011100111011101110000011011001010
0001100111110110100011111100101001010000000000000010001101110110
1110001110010101101001110100101101100010000111111111110100011111
0010100101001110110010001000101010100000011101011110101111011110
1011110110101100100101010111001111010000010111011111010101111011
0101100101001111110001111011011100101011110010010010101101101111
1010011000100110000000010100110011000111000001110110000011010001
0010100001111111111001110101001111010011101111101101011101011110
1101111100011101111110011101001110010011101010000011000111000111
1100101101110100001011010100111100010010100101111111110001111111
1001110000000001010011111011011011000101110111100110110110100001
1110100111000100111001101101010111001010110001010010000001100101
1001011011000101110111101111101010111100101000000111101100111111
0101100001111111100000110000001001110111010110011111100011110010
1001011010111110010000111101001101010011111000101000111011000001
