01111110101111111100110111011101111111010011111110101111001011110110011111111011110111011010001110100110011111101100010100010111
11101110010010111110111111111101110011111001110011011011111111111111111101011001111001111010110110101101101101011001011110110111
01011111110011101111110011001100110110011010110001111101111011011111101011001100011011011111011101101000010111011111101111111110
11101111101101111000110110111100000111011010111011101011011011111101101011110011010011110111011110111110011110001010010011011011
00111110011111111110111111011110011101110111111111111111100111011100101111100111111101010101110110110011111111110111111100111101
10101101110011111100111011011111111011110110010111111111111011111010111110101111110011110101110111111111111001010110111101111111
11111110111111110111101101111111111101100111010111110011111100011111101110110011010111011111101111101111110101111111101100001011
11111100111110100101111111111100111011000111111111111110111111101011100110110111110011110101110110111110111101111111011110110011
11111011111111111101001111011111110101101010000111011111111010111010111110101011011011010111011111101111111101111011110101101101
10100111100101111010011111110111111011001110010010111111110011011010100000110010010011111011010111111111111111111000111010000101
01110110101111000101110111101011111100010101100011010101111111111011100011110011111011111010101101111111101101010100111111000111
11011110111011100111010101000110110011110011110101110011011011001111011111011111111010010111111111001111111111111101101011111011
11011010111110110100111111111011111111111111001111111011110110001101100100111110111110101000111111011111111101010111011111010101
11101111111110111000011010011001111100111110111111011110101101111111101111110101111001111001110001101000001000100101101101110111
00010011111100111101011111101111111101010111111111111110111001111100111010011111111110011100011111110111100101111101101111111101
11110100110110011101011111001111111101101110111111011110110111011011111101001011110111101111001110111101111001101101011000001111
01010101111011110110001110000011101010111111010101010011111011101111111110111011111111101011111110100111111111001001111100111001
11110000111110111111111110110101110011110011101110100111001101111011111111111010110111110111101111111000010001110001101110001111
01110111111101011001111111000111011101110111111111101100011111101101110111011101110110101101111110010100111011011101110110111111
00111111111100111101101011100100010011111011111010110000001101111001110010111111110001101110011110001001110111101111101111101101
01010011011011101111001111111111011011100100011100100001010011001010111010010101101101101111110011111010110111111111110011111011
11101100111111100110101010111100111110111011101110111001110110101111110110001111011111111011111011111101111011101100000111110111
01111011111111100111110110110111111001101111101011101110000101100100010111101100111000101111010111111111000111011111100010111111
11111111111110100010101110011011111110111011110101001001110100111111010111111011101101110001110101101111010110111101010000011101
11111101110111111111111100111111010010010011110111111111110110101110101111011010011100101111111111111011111101111111111110110101
11001101101000010100010011111110111111101111011111110111010011000011111111110101001111110110110111111110111010000011101101010101
11111111111111110111111101010111111100101011010111110011000111011101010101010001111111111111101011111111111111110111111110101011
11111111101110100111010111110110111110111110111100001100101010111111111110001111100111111101011011111001111111101111111111111110
11111110100001100010111111111111111111111010110111111010010111011111101000010111011101011111110001010111010000110100111100110110
11010111111111111011111110111110111011011111101011111111101011100011100000010111101101110011101110101011001111110110100010001111
11001011001001011010010111100110111010010000010111110110111001110110101111110101110010101111011110011110111110111100100111111110
11111010110100100111010111111111110100101101011001111101110100111111111100111010111011110100110111111110111111110001101111101001
11011001010110011110101110101101101110011110111100100001011101111111101110100000110011001111010111001111010000001111111101101100
01000100011111110111111011011111111111110111110011100110110001111110011101011111111100101111011101111011110110010011000011110110
01100110111111111001110111100110101110101001110111100011111001011111100111111111010110001111010111011010111110111011101111111111
01011010000111110111111111111111110010111101111111110010110111101111111111010101111110111111101101110110111001111111101101101111
10100111100110111101011111111111010110001011111110100101111100111111101001001111110011110111111100111100011011101110111111101010
10111011111001010011111110101100011111101111110111101100111001001111111010111011011111111011011111001001110110100101100111111101
11100000110111111111111111010111011110111110110111101101110111000111111011011011101110101010111111011011001110111111010110111110
01100001011101101110111011111111111111011001011110111111001101111111111111011101100111011111111101110111111111000110001111110011
11110011111111011111111110111111111111111111101010101111110011110011011011011011011101111101111000001110111111101100011010001110
10111001011111110111110101100101011101111010111100100111111111111101101100011100101110011110110100100000111011110011101110110010
11111010011111111110011100110010010111110100111111110110000111110111011111111110111111011101110011111110101110000111100111110111
10100111010110111101100111010100111110110001110110010010111000110111010111101011111111000100100110110101101010111110111101100111
11101111111100111111111101110110011111111111001111101110111111111110101001010001111101011011111001101001100110001011011011110111
11100110110111110011010000011001111111111010100000111100010010111011100111110111111001011101111011111110111111111100111011000011
11111010101001011111100011111010111011111101011111111111101111111111001111110101111111011111111111011010000111010111100110110100
10001111101010101100111111010000111110111011111100111110111100111011000111001110000110011111111111111111111111111011110011111011
11101101101111111101111111101101101011110110110000010010111111110111111011111011111110111110010000001101110111101111111111110101
11011001101011100011101110011101101110111111101101111101101011110011001100010011010010011011101110101101101110101111100101101110
11010111100111010001000001111111011110001101101011011101100111010110011111001111101010001111011101111000110111111101111111111011
11100011001110111100111010111110111100101111100111101101011101111000110111110001010110101101111110011101111101111110011010110110
01110110111000111110111101111010111110011110110110110010110001110110010001111111011011101110110010010011000111001001011001111111
01101011011101011100110111100011111001011000111110100111101111010111111010111100111111110001101011110010011111111100111001110111
10010101110110101100110111110111110111111001101101110001011110111001100101010001010101111111010111100101011101010101111111110111
01110111101111111001011011000110011001011101001110111110101001111101101000011111001011001011111010110011011011111111111110100101
11111111011011110110111101110001001111000111001111011111100111011000011011011101011111111010010110111011100100011110010111110010
10101000111111111010111001111111100101001011100001110100111011010100011110101011100111111100100111111111111110100111100101001111
11101100010010111101110110110111111010111010011011110000101001011111111110000111011100110110001101110011101111101110011001010110
11000100111111010111111111111111111110101011111001101111111111110110111011101111011000010110011111101011111110111011101000110011
11110101101010101111001101100110110111111111110101110101110101111101101111110111111111111100111110010111101111001100101111110111
10111101110110111010011011001111111011110010111111001111011111110111111110010101110101110011111111110111111001011110111111110111
01101000110111111101100011010111100011101010011110110110111010110001110110110101011101110100100110000011000101111111111010111001
11101110111010111111111111001111011111110101011100111110111110110110111111100101011101110001010111010101011110010101010111101110
10101111111111001111111101110011101111010110111011000111010111111101010101111110111110110101110001100010101001011000011101101101
01101111111111100001101001001100000001001011101000111111010111110011111011001000001110111101110101111111110111111110111101101110
01111010101101010011101110011111011111000101100111111111011101100001111011100011110101110010110111111111011110100011111011111111
11011111111110111101110100101111011100111111001010111101111011011110110101001101111111111001011100010010111111111001101010110111
01111011111111001111111111011111111110111110111101011111111001110101110001110110111111111111001101111111010100111101110110000101
01101011101110100111101001110101111101111110111111110001111111110001111111110010011010111111101110101111110111110001101001001111
01000110101111101011001111010011101010010110111111011101100110000101011110101110111010100111001101101111111001011111011101101111
01111100110111110111111001010000111111101111000111001111100111010110100111101011101111000111110100111111000101110111100000111011
00100111101101010111111110011111110111010110101110011100111110111011010101110111111101111111101110110010110101110111111011110010
00000011110011010111111100110010101100100110000001011000000010100111011111011101011101010110110111101010011101101111110110111101
01111111110111111101011001011111111111111101011110111000100001110111001010011010110101001111110011111111010111111001111111110110
00101111111011000111101111111010011001101001110110011011111110011110110100011110000111101111000001101111101011101111111110101111
01101101001011110011101011111001001111101011101110011011111001010101101011111111100111110110011001101110111100111100111110100110
11111111110000100111010111111010011101111100101001111110100010111111111011011110010101001010111001100011101011110111110110101111
10111011110110110111111110111101111101111101111101000111100111111011111010101111111110110111110011110111110001111111001101101110
11111001101111011011111111000101101010001000111111111111011111011110101110111111110111011101111011100010011111111011100101111011
11111011000010010111101101111011011100101001011111111001011111100001100001101101101111111100000110110111010111111001101110011101
11111111010111011011011111111110000111011111110111100101111111000111100100001001111110001111101101101101111110110110110100001100
11111110101001111100110111111111010111000001011111111101101100100011011101000111000111101111100011110111111001011011110011110110
01100011001001111101111010111001001101101111110111001011001010101111100111111011100100111110001101111010111110011110111010011011
11011100111011011011010101011110111110110101111111101111010101110110011111101110011110111010101001100011001111011110111110111100
00111001010101111101111010110101010101110000111001010111111000101110111101111110111101111101111101111011111110111010011101111110
01111110101111110111111101111111011011011111111010101011101110111100011010110110011111111111001111110011111110011101000101111100
00111101111010011111110110001011011111101101111110111101111001110111111100010110101110110101111100011011110011011001100100110111
11110111100011111001111100110101111101110111101011111110001010011101110111111111111101111111100011101110101111111111111111111101
01111101111111111011111101010101011111000111110011111110000100001101110100000111110111011111111101111110111111100011111001111100
00001111101111111101101101011100111010110101111010110101111011011011111110110011001101110000011101110101110001000010110110011111
11111111100001011111011101110111111111111011111111000111101110100111110101010111111010010000110010110111111111011000010111010110
11110010011111010011001001000101011111111111111111101111111110100110000110011110011111110010001111010111111110100111011111111111
11011111101101111110110110110111011011001110111111000011011101110010110011111110001011001011110111101111111111111111110010111001
11111011101111111110101010101101010110011011111111101101010111010111111111011111111011111111000100111001111101110111111011011111
11000000011111001101010000101011111110111111101111110111101101111001011110010101011111100011111111101111110011011111111100110100
11111101110001011011010111010110111011110000100101111110101011111111111001101111010001101111111111110110011000101010101110011111
11110111001101110010010010111110111110000101101011011010001011111111111111110111011110010111101111101111110111101111000101111011
10111011101011111111111110011001101110101111110010111110111111110011011101111101111101101111101111110010101011111011011111100101
01101111011111111011111001111011110110111111010001110100011111110101101010011111101001011101101000111011011101100111001100101110
