10001101100001011101000100001001010011011001001110110101110100011010010010010111001111011110100101101100010111010110110101001110
11001100011110001011110101101100001011011000100001110110001100001010111111100111011110010101001111010111001001110000101001111111
10101011001101011001100011111111001100111101110001101000110011111111100101001111001111000111111110111011001100111011100111110010
01011000100000011010011011001111100100001100001001001001011011010001011000001111010101101110010101110010001001010110011101011011
11100101001100111111111001101011101010111000100100001011101111100000010111101001010111001101111110101110110001010111111011100110
01011001110010101001110001111110111110110100111111101101001101011111011101110110110101001110000101100010001011001100010101101011
11101101111101111001100111110101110110010011011110010101100000110010101111111011110110001011011100000111101101010111010101111100
00010100000100010110111001001000100101000000101011110001011100000001101110101111010100000111011001101100111111101000001111010101
00101110101010001011100111100100011100010011011111101111000100011111000110011001101110010000101110011100111110111101100001100100
10001101110111111001101111001101101101011101101111011111110000111101000101110001010111000011110111011011000010100011101111111011
00110111001001111010110011101101111000110101111101000011111110010110101011101111101101100010111101111100011110110010110011010011
01110011110010111011111000100011001001100010010000110001100011010100011110001101110010010001010010100111000000111101001111101100
00001001010011101011010011000110111100011110000101011011101101101010001100110000110110000110011110111010011110111011101010111000
10100100110101011101111101010111101011010110010000100101001101011011101111111001100111110110001111000110010001110110111110001010
11100111000110010000101011010110000110010101001000110110100000010000101010010110100111101001111111111111010111000001010001001110
01000111011101011011101001100111110011011001100000110111000010011100100010111101011110011000101110100001011101110011100011100001
11001100101111010011100000111001001111000111001100111000101010111111100100110110011111011111110111101110111111111111101100001110
01110011010111111110101100100100010011101111111011101100101000011110101111111110110101011101011011111101011110001000011111011111
01001011110100100101010010011011111011111101011001100100101000010100011100110101111110001100111110001011101010110110110010111100
01110001110111011100010100110001110111111111100001100110101000000100100110000111010001001111001011101011111111111111101110111010
11111000110110100100110110110110100010010111010110100010010101101100011011011001100010011111001100111011000001000000111101000000
11111011110111000111001110110100100110110001010111000010001111101010100010101010010101110011100100111110110011110101000010001111
10100011011100100110010100101111100011001110111001001101101000100101001011111101010000011101001101011110100101101111111110010011
11010110001101011001110001000100101001100111111011111100111111110110111000000100111101011010100110011100000110000111111101000110
11011100010110110011001010110000001110110011110111111010011100101111101101111101011001101111000111111111010011111101000110011000
10000111011001000101000001110010000110100010110101001101100111110001101000101001011011010101100101010010100001010000010101111101
00111001010110010011110101001101100000101100100101100100011111000000000011111011110000110010101000101001011110011001111101010111
11010011111110111101110001011011001101111110110011111010111100100111101001010011110111001101011111101101111101110111100000010110
11101101111110110001100001010111000010010110110110000101100111101111111111101100111110110011100100111001100111100110011000111110
10100010101100101010101000101101011011011100101110011111001100100011111101110001001101101001101100011110100110001110111111110111
01010101011001110001101010111011101000110001000111000011100111011110111010011111101010111011011101111110001101000010011110111111
10101010100111110111000000110101011111110111100111111111110100100000001110110011111000110111110101000100011111010001011010101101
11111100001110101011100100111101011010100011110000100100101001111110101101000100111111111000011111001110001111111001010100001101
00101101010101001011101010111101111111111100101111001010011111101101100001011110010011101011010111000011111011000100100000110101
11111001110011011001111101111101111100001000100100110110101010101011100111010111110111110101010000100100100011010001001111010111
10011011000010110000101100100101111011001000100111010100011100010110111110101101010100100001011111111111101010110100010110011110
01100111111110000100010010001111011100110110001100001100111101010110011111100000100001101011111111101101100001111110110111110001
01111010100010101111011110110100111110011101001011111101001111010111011001001011110111000111010100001001111011011111001101111010
01100001101101010111101011000101011001111010100010111110000000011100000111110001011001110011100010001000001101110111001001110001
01100100111110010011011010011010000001100010011101110010001100011001111011011000100111110101100100101111110100111011110011000110
01111111011000101000000100110100111001111010001001001111011100111110101010100111111001010100010101010111011011011100101001011111
10110100100111010010111110100101101100111001110000011001011111101101111001111111110000001001011010000100001111111101000110010100
01110100011110011101101101010111100101100111110001001101101101111011100111111000111000101010111001010110100011011001011110011001
11000111111001100111110101001011001111000101001011101001000011011010111011010110111001011000111001000000001101110111100100110000
00110011111111111011110101000110110101001110010111101110111111010011001010111101011101010001001101111000101111111110010011101111
10000110011101010101111110011111010010010101011110101011011111011011001111011001111011101001111111010111111101010010111010010111
11001100010011011100111110100110010000000101000011011111110010110111110011111110111010010011110101010100001111111110111110111011
11011010101110110110111011111010000110100111101111101001111111010101111100010001001111001010111100111101111100111101011110001100
11000011110110011101011010011010111110000111011100100101011111111011100111001100000011000001111110000011111110111011111000011101
00101001001001001111110001111110110111110101011011110111000010000001111001111001010110000000110110011110110111011000001011111101
01010110101111101011100000111011111111110001100000101011101100101011100111100100001101111001010001000111111011011111011011111001
10111111000000100010101110111110001110100110101110101010001010011101101101111110110100011110011100111111101010011001010001010000
10111101011010110010001110111100011100011110010110111110011111101110101010111111111111110111111100010000100011110111101010111011
10110110011001100111010010011001001010100010110100010011110010111000100111011010000110110010111100100111110011001001101001111101
11101101101000111011100001010110010010110110110011101101100101001100010101110111111010011111000100101110101110000000111011001110
10001100000110000101110101001110001110011000111010111111010100101110001111010011111011101101100110000011010111111111111110010110
10101010101111111111101001100001111010010110111011100111000011110011001010011100011010111110001100101111010110100001101011011101
11111010111011111011011101111011111011001111100101001010111111010101101111010111001011001011111010010110011111101110100111101000
10100001010011111110111101100001110011000010101111111001111110100100110110101010001010010111100011110011101100011111110011110111
10101000010111110011000111000011010101100001011100111101111100000110010001101101100001101111010111011110011100001000010000011000
11100011001100011110000100011011110000000000011100110010010011011011110011001110000011000010111100111000111010110000110110101111
00111001010111010010111010111000111001000111110011111100000110110101011111011010101100111000001101011001010010110010010110100111
10110011011111001100111100101001011001010010011000101101011110010110001011111101101110100110000011100011101010011010011100110111
01001111100000111111110110100011001111100001110001000000100111010010110101111001110111111110000101111011111001011110001110111101
01011110111101110011011111010111100111011011111110101001010111111111110100101010101011101001111110011111101101001101001111010111
00111111011111111111111011110111011101101100011011010011111110101001101111011101001001101000111111010000000100101011001111010011
00001001010111101111100100011000001110001010101110111111101101000001010110111111111100101100001001101111111110001111101100111100
01100100001100001001111010111001001100101001110111001011111010001001000111010110001110101011011111110101000110101001111010110111
10101001111111101001000011011111011000101011110111011011111111111100001111100011110000101111110001101110011001001110011001110111
11101001100101011101000110010001001111111110111010110110011010001011001100111110101100011010011011111100111000100100101011001001
01101101011111001101111101000101001111111110001101011011001111001110010101110101001001101011111110001100011111001111001110100101
01011110011111010101011110011101100101001110000100010100101000001101011011101101111001110000010111100100010111011000101000001011
10100010101101111000111100000001100000000111010001111111111010101010111001111100010111111000110011010101111000010101011110111011
01011110100110101011111001001111000111101000110000111011110011111101100111110110001001111000111101111111000110011001101001000010
11111101000100100011010100101010110000000110011000100010110111110000001100110100110000000111000011001111100110001111110110111100
11001110110010011000111100000111101111001100111110000100111110110000110101101110111111000010110011001000010101100110001101101101
01111111101011110101001011011111100110010111000000010111101110010110101101101010110001111110010000101011010101110111010010110000
11001111100010001010111011011110010011110001111110001001110000111000100110010110101010100001100110101000110111111010011000111111
10010111011001011011100010100110010011111000111001011100101000110101101100111000111110011011000011011110000001111010111001100011
00010001010111001000011100111010111101010110111111010101101010111011101111010011111111001011111011011011100001101011111111111101
01011101011111101010001110011101011011101111011010011000011001101000101010010110011100111010011101010000011011100001110001100101
01011111101011100010110010010101100001101101111100100101101110000001101111011110110011001101110001000101100101000001110100111100
10100001110101011000101000110010100000101010111011011011111111100100111101010101010010011001000100001101100101111110100111111111
01110110101011110100111011110011101101000111010110010111000000100001111111100001001011101011001101111001110001101100101110100101
10111110000011100110101100111110111111000010100110111000000111110111001100011011111001111100110011111111011000110110001001011011
01011011010111101111010010010111111010111111111001011011001101001100110101100011011101010111000001101011011111011000110010001011
00101110011111100110110100001011011011010011111001001010100110010010011010001001100100000010001000110111111010110011011011011101
11110010111100101101111101010011111001110011111001101011000101110100011100101001101011010110111111010000010001111010011111100110
00010110001010010111010110011100001010110011111001011001000100111011011011101010111101101101111010111111010101101111011011010001
10111111011101011101010100110110111101101110001101111010100110111111001001011010101011001101111101010001101001101100011100001100
01101100011010010111011110010011110010111100011011101001010111000111101101011111000010001110001010110101100110001011010110110011
10110011100001000110000000010000110001000011001110011010001111110010110011010000100001110110011000001111010111110101001101001010
00110110000011110110111111000011111101100110111001111110100111101101110101000101111011111010110101110011000110101011011011110011
11101111111000111101011111111000011111000100001001111100100111011100101101001100010010101001001100011011001100010110111101001111
11100110101011100101110001011110111001010011110011100000100001101111001001111100001101011101111111000111110111111110010111100110
10001111000000000001001010011111011110111100001011011110001010101101100000111111101111011001011011011000100001000101100101011110
11110110001110001101100111010111101111100100100110111010010111100101001011001111100101101111001000000011101011010011101100110110
10101011110110001101001110111011101111101101110001011101111100011110010000010100010000000010011110110110110110111111010101010111
01101100000011110111001100000001111100100010010001001111101011000110111111110011001010101101111110001011110001110101011000101011
10101011110101110110110010010101011111000100111101101110100101110101110100010111110100010010100011101101000001000100100101101011
