0111111101011101101101011110101101101111111011111011111101111111101101101100111011111100111011011001011111011010011111011111101111011101110101111001111110101101111010000101111010011000111111011000110111111011111011011010101110110110000111010110101101111101
1110111100101001011011011111101101111111111111111001111011010111111101111100011111001010000110111111111111111111111110110100001011001110111110011111111110011011011111011110111110111001001101110111011010001001010110111000111100111011101111010100111101011111
0101111011100011110101001111011100100111111010111000011111001101101101111101110111000011101111101111011011111011101101010100010101100010100010111000011111100111111111101001111001011001101110110000101111011111110101111111111111101111111111111110011111011110
1110111111010110110011110100101101101011001111111001000110011111101111011001100111101010111010111011011111110111101101111110111110011010111100110010010111111111111011101011111110011111011011011001111011110110010011101001101010110101110001111010111110100111
0011111000111111111111110111001111011011110011111101010111101010011011101110101011111010101111011100111011110110101111110110110100111110111111010001010111011011110111111000111110111010111110111111110111111001111110110011011011111111001010011111110111001011
1010110111100011111111110110001111110011110001111100111111110111011101101111110001011111111111011111011111101010111111111010011101111101111100111111010001001111100011111010111111111011010001111110111100110111100111110111101111111011011101111101010011011111
1111111001111111100111011011011011111100111111111111111111111011110110101110101101011011001100111111100001111101100111111011111110011010111001111001011011000110001011110001111111110101000101111111100110011111111101011111111101001111000111101111111100101111
1111110101111111011101001010011111011001110111101010001011110111001110100011111011111011011111110111111110101101100011101011111110111111101100111110110101011011110001111110111110111011100111011010111010111111111111101011110110111011101000010101111010111111
1111101111111111101101110110110001011111101011111111111011011011111100111100110000011011110111011111010111101100111111011011001101011010111110111101110111111111111011101101011111111101101011111110111110100101111100101101110101010111011101001111111111101001
1010011111001110111111011101100110011011110101011100111011110111100110111111100101001101111111111110011011101100101000011011111110010011110100110111011010111011111110101110110111110011111011011110111011111111011101101100101011111001100011100100011101111011
0111011001011111101010101010111111101111110110110101111111111001000111001111001110001110110101001111111111101111101001011111110110011111111110110111011110111001101111010101011101110011111111101111011110111001110101100010101111011011110101100110010111110111
1101111001110011101001101011010111101010111010001111001111010110111111101101111111010011001100111011011010111011011111101101101111111111111110100101010101010111111101111111111111000001010111011111111111110111111101111110111111101101111110111111011100011101
1101101101111111001101010010101101011111111101100100111111101110111001110011101000111111011110011110110010110011101010111011111011110110111011100111101100011010010101011111110111001011100111111111110110110011110111110011111010111111110111110111111111110011
1110111111111111000111111100000111110101010011100001101111111000011001011011110111111110010111110101101111111011101111111111011110101101110110011110011100111100010110111110001101111001101110100001010100111010111011100010111001101111011111010011111111111111
0001001111110110010111011110110111011111101110111100101101111011101011001111111111111011011111110111001101110100110101101000111111111111111011101101111001101110110100001011111111010010110111111111001110111101101110111010111111101011111111111111111101111011
1111010001101101011000111110010100011011101010111110111111111011111110110110100111111011010111110110111011101011110110110101101101011111110101110111101111100011101101100111111110011111011111110110111100111111111010101110111010111100000100101111101111111101
0101010011110011101111010011000001011111011010010111111000100101010001111011101001010010110100111111011100111011111111101011101011011101110011111110001110100001001011111011010010111100001111101110111011011011110011011100110011111110001111011111111110101011
1111000101111111011101111111011110111111011111001011101001000111010111001101111010111001011001111001101101101111111111111110111111010111101001111111110111111111101011110101111111011111010110110001101000101111011111110000110111101111100111101101011101111101
0111011011110100111010111100011100111101111010011111110111101011011111101110111011111111011011000011111110110111111011000100111011101110110101101111001101001101110111111111110110000110101011000011111001010101010111111010011101010111101110111111110101111101
0011111111110110011101111110011011110011110100011011010001010111111101110101101111101100011100100001101111100101111001111011111011111110111100011110101011110001011111001111010110101101111010000111100011010111111011101111110111001011111110101100111101110011
0101001010111011110011101111110010111101111111111101110011100110111010101110010101110101111000001010011000101010111101100001111110101111011111011110101001011110111101111110001011110111111110101010101011110111101101011111111111010000111111011111010110101111
1110110101111111111101001011001011110101001101111001011011111100011011111001111110111001101110101110110100111111110011111001111101111011101011111011111000110111011110111011101111111011110101110111111001111101111001111010100110000111111111110101011101011111
0111101111111111100001001011111111101011001111011110111101110011111010110011101110101111111011110000101110010110010011011111111101100101111110001111101111010110101111101110010011011111111011111101001111101111110111001111011111000001101100111111111111111101
1111111111111101001111101001001010111111011011110111111101111100111111110000111111010011110010001110100111111011010011111111111111011101011111011011110110111111110111111010111001011001111111111101101011001100111111111110011110110000000111111001110111011011
1111110111101101101111011111111101111110011111111110110111010100101011101101101011011010101111011110110110111100101111111101101111010010111111001011001011110111111101111111111011010011010000111111110010011011111110111111010101111111101111010100111101011011
1100110111011010011110111010000110000111110111111111001011101111110110111010101101111111001101011010011010001011111111100111011110101011001011110110110111101010011101011000110111110111101101011011111101111100100011110101011111101110010101110011011111101011
1111111011110111111111111011111111011110110011011101111011101001010010110001101101011110101100111000111001110111011010011100101110001110101111111111111011111111111110110111101111111111011111111111111111011001111111110111111011111010101010001011111010011111
1111111111011111000111101011010111001011101101011110011001111100111111111010110111110100010011000101010101111101111111011001001101111111011001110011011111011100100101101111101011111111100110000111110111000001111001111111110001111111111010111111010101111110
1111111101001010111101100001101111011111111101111101111111101110010001010100110111011111111110110010111001111111100100111001101110111011101011011101111101101111011110111010101101101110101111011100101100111110011110110110101111111111001011010011010111011110
1101011111111101111111011101011111111011011111111111001001110111000101111111111110101110111111111101011110001101100000111000010110111111001111011111110010100111111011110101110010111101011010111100010111100101011111100111101101000101100111001010101101111111
1100101110010010110110111101100101101111100100001111011111110100101111100100000001011111111101110111001101011100100111001110101010101110111000101110001111101001001111101101010110100011111111101011111011110100101111111110101111000111111111011101101101101110
1111101101100110010111001011010111101011110111101110101011011001111110111111011101100110011111001110100101111101111110110010111011010111111110111111010011100100110101011100111111010111101011111011110011011111111111110100110011101011111111101010111100111011
1101100110100111001000111111101001111101001110101001111110111101101111010110100111110001101000101011101111111001100111011011001000000110111100111101101111001111111101101110111111101001010001101101101000101110110010001011111111111110011011001100111111010010
0100010100111101110101011011011110110111101011111110101111111111111111101110111111001111011001110110001111111110010110011101111111111111101111000111001001111111011111101111111101110111001010101111101111111110110111110001111000000101111111110011011111111110
0110011101110101110111110100011110001101111110001110001100111101111010110001001011011010111000111111001011111111101011010111001111111010101101101001001101011000111001101010111111101011101100111011111011011110111111101001111101101011111111111100011101111101
0101101100001101111111110011111111011101111101111110111101010101011111011110011011111011101100110110111110111001111111110101110110101101111111100111111011110110101111110101110101111110110101111010111000111111101100001111010011101111011011101111110111111101
1010011111001111001111110110010100111001111101111111100011011101101110111101111111111101111001101111100101111001101100101101110101111101111100110111110111110100111100111111111100111111010111100001111101000011111011011111101111011111111111001111000000111110
1011101011110010110110110001011101011101011100111011010111111111111110011111101111011010111011100111001010111111111101011011111011011001111111111111111110110110111010101011111111101101100010110111100111101100011010100010111111000111111111111011110011101011
1110000101101111111101111111011101011001111011011111100111101101110111111110110111011111011011101110111000011011110101011101101111011110011111100111101010111011111111011011111111001111001010101101011111111110111111011011110100110110101110111010111111111100
0110000110110100101011101111101100110011100111111110101101111110101011011101011101111100111111111001101101111111111111101101011111101110011101111100111111011101111101111011110101110110011101001111111111110011100000110111100110001110111110110110110100111111
1111001011110111110010110111111110111111010111101111111011101110011101011011101110101001011011011110011111001011011101111101110111011011111111011110111011111100010110111001101000001101111101101010111011111101101011111110100110111100100000001110100111100110
1011100110111111111111111011111111101110111110011011100101111011110001111101110011110101101001111111111101110001100110110001010011100111011111101100111001110111001001011110110100110000111110010011111101100111001111110001111011101111101101110111101110011100
1111101100110101111111110111100111011110011101010110010111001110111011101011010011111111111101110000111111011101011111010111110111110101110111111101111101111101110111111010000111111111001101111010011111111010010011110011110011100111111011110110111111111111
1010011010100111001001111110111001101111111011011010011111101101111011101000001111011001010100110111000111011111010011100110001101011100101011111101100101110010000001010110110110111110101001010111010101100110001111101111001111011110011111000101011011101111
1110111111111110011011011111111111111000110111011110000011111111111101111111111000111110111011110111111111111100101100110101100110001101111111011001111100011101111100111001100101110101101110110111001111011100000010101101111110011101111100110111111001101101
1110011001101111111111111001110111000110011011110011111111111110111111010101100110000101011111000010010111101101100011111110101110111111110110011101111101111001110001111111001111111111101011101011111111011111111111001110100101111100110110000101100110111111
1111101101011010111100011111111010000111111111110101001111110111110011011111011101111011101111011101111111111011001111000110011110101100110011110100111101110101111011111011111011101011111110111001001011111111010110110111011111100011101010010110111111101010
1000111111011011001101001110101111011111111011010011011111111100111101010101111111110100111111010111100111101101001011010100111101110010010001101101011011001111011001111101111111110111110111111111111111110011101111111001111011010101111100011100111110111101
1110110111010101110011111110111101111001110110101010111110100110111011101011110111000101110100110111111101011111111101111111001111011101110011101111111111000011011001001010100100001001111111100111101011110111111010101111010101111111111111110101111111101011
1101100011011011110111001001111011011111001011101010111110111101110111010011111010110011111111001101011101001011001110111000111010011001111100101101011000101111111111110011111110111101101011110110011111111110011011101011111001100111011001001111110001111100
1101011111000101101010010000110001000000110111111111110001111101001100110111011110101111010111101100111011011000011111110101101101111111011110100101101111111011011111101101011101110111011100100011101111110111101111111010111001011011111011111100101110001111
1110001010011101001001110110101111010111011101101111011111111001011110110011101110011111101011101011101111100110111011000111101010001001111101101110101111110110110010111101110110001111001011110111111110010101001111111111001110011101101100010101111111011110
0111011001111000011111011111101111011110101111110110011011111101001111111011110111011101111100110110001111011010011000100110110111111011110110111011101101011011001101011110101110101010011100011101001111111111110010011100111010111100011011111111001011111101
0110101110110100110100011110101100001101111100010111111111110011001101110101010111111001111001111101111011011111111101011011010111100101111111111111110100010011110110110111001011110010011000111001110111111111111110001110100101111101011110010101111011111101
1001010111101101011111100110101101101111101101001111101111011111111101110001011010110110111100001011110111100111101010101100011110001010111101011011111111011001111110101110111111010100011011110101110110011101110111110110011111011111111101110101111101011111
0111011011011111110011111100010111110111111010001101000011110011001111110111001000111100011111110101001101110001101100000000011011111011011110111101101100000101111101111111001110111110111100111101111101101011111100111111111111111110101111000000011001100011
1111111010110011111111111011101101011010100111010001100110111111001110101111101000111110110111111100111011100100011101110100110011101010101111111111111100111001101001001110011010111111111000101111001010101010010100011111100000110111111010110011100000110110
1010100101110111111001111101101111110110111111111111111110011011101000110101101110000011101101100111011011010110011111001011011001011110011101111011111111100011110111010110111111111011110011101111111011111100101001110111011111100110010111101110101011111111
1110110100100011010011011110011110001111000101001111101111110101011111111100110101101111001100100101001011111111111111111000111000111011111111001111110101000111111111000101110001011110110110011111011111011101101011011011001110011101010111110010011101111110
1100010001111111110100111011111111111111111111111100111011111101111000111100101011100110011011111111111111011110111101111111110101111011111110001101110111110011111110001111111111110101110100111111110111100110111110101001111011001101001111110100011110111101
1111010011011001010101001111010001011100111110011101001101011111111011010111111111010011101101101110101111110011101111110111110110111111101111111110111001111111110101011101111110001110111011111111010111110111010001101110101111001111111111110101111011001101
1011110111100101011111011101000111010111110010111111111001110111110111101100110111111011100011111011111101011101110111011000100110101101101001011111110110111111111111111111111111111110010101111111111100110101110101011111100011111011111101110111111111111111
0110100101101111111101110110111000100101111011011111111110010111110110111101110101111100101101110111010111000111111011111011110110101011111011011111110111011110000111010110111110100100110000011101001110011011101101101011111001111100101111111100101100111001
1110111101111011001111110111111101011011110010111111100111101111111001101011011101110101111111110111110101011010111111111110101100101000111011011111110100111100110100101110111111001010111011100101111111011010010111110110110110110111111110001100110111111110
1010111011110101111110100111111111111000111111000110101100111110101011101111110111101111100001011010111111110011011010010111111111110111111111101111110101100100010101111110100101111100011100111010010100111111010111011100001110111011011011101111111111001011
0110111111110111110111001000011011110110110010111010010010000010101100111000101110100101111111111010111111001111111101111101101101000011011011101110011111111100100101111000110101011111101111101111101111011111111100001011101111111010011110001110110111100110
0111101101011110111110010001111010011111011011111111100111111110101000100111001110011011111111111011101100000101111101001111111100011101111101011111010110101010111111011010111111111111010001111101111111110110111011000101111101111101111101111101010111100111
1101111011110111011111111110111101101110011110111111110111111000110111111110101000101101011111001111011011111110111010010100111101101111111011110111111000001010100011101111111100101110100110111011110011111111111111111100010101101000101111010101111111110111
0111101011111111101010101111011111011111110011101111111011101101111111111111110111110011110111111111001111010111111000110110101110110110101011111011011101010110101110100001111101111111011111101101100010001010011110111110111111010110100001000011101101011011
0110101111011111001011101011111011110010101111011010111011101011111111011110110111111111101100101111111101000011111111111110101110010011111110101111111111101101011011110111111010110001100011111111100011001011001111010100111111101101010111001101010111010101
0100011101011111101011101101010011011111101001010101111110100101100101100111100111111111100111101100110010010011010111111011111101110101100110101011100111111110011011100111110101111001010111111110111000111011110111111011111010111011011110101110101101001111
0111110101100111101111111011111101010110111001000010011011111110111000111110101100011110010011011100111011011110101011111111111101011101001011110101100111111110111101111100111000011111111111101101001110011011101111010011011011100101001100011111111100111111
0010011111010110111010011011111111011111010001111111111101011110100001101110110110111001000111000111110101101111010010111110011110111111111111011111011111101111011100110111111110011110110000111011100110100011001101000011111111111101111011110101111110111110
0000001111100011101100011011111100111110011111000110011010111000111010100011100100000011010110000000010100011011011111101101010111101011100111010101110011110010111111011000010111011101111110111000111110100101111011011111111101010111101100111101011111111011
0111111111100101111111111110110100110110110001111100101101101110111111011110011001111100011110000100001111011101000101011001111011010110111101011100101111111111111110111110101111111111110001001100101111111011011110101000111111011111111011110111110111111110
0010111111110011101110101011011010111101111111110111010111110011010100010101011111011100100110111111110011111010111010101001111111110010000001110111001011001001111110100110101101110101101111111111011001111011111011111111011011111111101101101101111101111111
0110110110011001111111011001111011010111111111110001110110111110011110010000101010111001110110111111001011010001101101101110100111111111000101110111110101111111111100001111001101111101101101001011111010110110111111001110001001111110101101000111110011111110
1111111011101000011101101011010111001111100101110111010011101010010011011010010010100111101111110100010111111101111101111100011111110011110101011101101110110111111111011001000101011100110110111111011101111111101111110011111111010011101111101111110001011111
1011101111101111011111111011011110011111011101111011111111111010011011110110011111110010000001111100111111101111110101111010000101111111110111101111010101010001011011111100101111011110100111101111100100011111011111111111111110001011011111001111011101110110
1111100111011101101000111101111110011111111010001001111110110100100010011101010111111011101111111011111011111000100111110011111011111111111101110001111011111111010101111111001011011100110000111000111111101001101111111101111111000111011101111110011100111101
1111101110000001001100110011111011111010111111110111110111111001111110010000011001111111011110001011111100000111100000111111010101101111011111111110011111101110010011000000111110111010101111111101101111111111101110101100111001101010100011111010001011011011
1111111110101111100110111101110111011111111111111111000010011110101111010010111011011111101001101111111010011111100010111001111101001111111111101101001101111111111110110011111101111101111111110111110111101010111101100011101111110111000110101101110111110010
1111111101011010100011111110101110101011100101111111110111011111001100000100011001111010011111101101100100001111011110111101001000111011011101111110101111011010111111110110100111111110111111111110111100000111110111111101110011110000111011010011110111110110
0110001110011010110011011110011111110011010111110010110110101011111110011110101111011110110010011001010100111111100011111111000111011100001101000111111101111011011110000101110001111111001110011011111111111110110101011111101011111100100111111011011110110101
1101110101110011110110011101110111101110101011111111001001111101110011100011011011111011011011111010101101011110011111101111011101110000101111101010111110001110001110010111001101111100100110111101011111110011010110011111100101111110101011111100111001001000
0011100110101110111011111110111110110111011111011010110001011010011101100001000111100111100101111111000100111110111110001110101111110111111011011111111111110100110111111101011101111111011110011111111111111100111101111101101100111011011110011110111111111100
0111111001010111111101110011011101111100111101111100100111100111101001110011101011101100111010011101110101110010011101111011100010110011111111111111111111110011111101100001111111111110110100111111110111111110000111101010111110100110011101111111011111011000
0011110111111011011110111111011111101101011010100110110111111111011110110111001011111101001111101111001111011011111110111001111110110101011111100011010011111111110101111111111100101111100000111111101001111111110111101000110001100110001111110111110011111111
1111011111000011110001110100111111011110011101001011101011101011111111100111111110101010111111110001010001110111111011000111110111111101110111010111111111111111111111110100001111111101011011111011011011100111111111111111111111011111111111111011111011110011
0111110011111111111101011101011111111110111011011000110101111111101110101111111111001110111111110000100010110001110010001001110000111111111101110001111011011111101101111011111101111111110011011011111111011111111011110101011011011100011111011011111111010010
0000111111011101111111011110111011011100111001111001011011110101111111101110011111101001101101101111011001101111111111011011101010011011011111011110110100111111010001001111011101111110111011010110101100111111100010100001000011010110100111111111011111101111
1111111011000000110000110111110100011110110111011110101111111111111011111101111111111110000001011101110100011101111010111101111110111111111110100100110110111000010111011110100110111110101101101110111111110111010111101100101110110010110110110000110111101110
1111001000111101110010111001110011110110111010001011100011111110110111011011101111111110011011111111110100011110001011000001011111110011111111110111110100000111111101000011011111100110110101111111110111111110111011110111111010111011111111111111101011110101
1101111111010110110111111111101101001111001111001110100111110111101110111111100111111111100000011011101101001010111001000111111111110010011110111101001000011111111111111100110111110001010111011110111111110001011111111011111101010101101011111100000110111011
1111101011011111111011010111101001010111001100111001110101011101100111011100111011111110101011101010111011011111111111101101010011111100101010110111011101101001111111100010010100111111011100110111110110101111011101110111011011111100110101011101011011111111
1100000100110111101110101110010111000110011110110111111101101100111001111110101110111011111101111101101111100111011111110001011010101011101111111111100100000010101011111001111111111001110111001111100001101101110111001011111111111111001111110111101111011010
1111110111100010110110011101110101101111111011011101011011110111111111101101000110010011001111110101011101111111111100010111101101111011110100011011101111011111111011111011111111111110101001111001111000110010011011101001101111101110100101011110110101000111
1111011010010110110111010001100101000111011111111111011011111101001000101110001110101111110110110001011111111111110111111111001110111011111011101101110001110011111100110011110011110101101111111111100011111111001010001111110010100111011010111001010110011111
1011101011011011110011111111111110011111001011100011111100111101111010110011111111001101111111110111111101001011011110001111111011101110111011011111001111101111111011110011110111111010111100111011010101111101011111111101011110011011111001100111110111110001
0110111110111111111111010101111110110010101111100110101101011101111111011011111101000111101101000011111111010111101101001001110111111110010110011101011001010010110100110111001000111111111100111100111110011111001001110111011100101011001110101111001011111110
