10010111011000110010000011100011111101110111001110101010100101010010101100111000001111111111110011100110010011000101101101001011000011010101110011010010101011111000100110011101111110100011010000000000011111101010010010101011011011100001101111011010100111010001111110001100110011101010100011110010011111001100011000001111001001101110100101111001001101101100111000011010011111101111010111111111001101000010011001100011011101111111010001110111001010111100111011111101110011101111111111100101010111001100011100010110
11010101000111010101101110000001101111011010111111111011101010000111000100100111100011111100110010100111110111101100100111100010111010101111110001110011111101001111101110000110010111000011100001011010110111101111110111111111011110000011001010011110111011110010011010101100001000100011111100101111001101100000011100010111000001110101001100110111111110011111101010001111110101101010000010001011111011011111110111011111010110101101111011010000111100110101011111010111011011111101101101011010001110101111010010101011
10110100110011001001111010111010011101110010011111001000011111101011111010100110010111000100011010011110010011111101010111010101101110001001011011101101111000111100011001101110110111110001000010110001101111111110000010010101111001011110001110011110101111011111011000101100110111000110010000001010011110110111001011111101000001110000101111001110111110111110100000101111111001111110100111011111011011101101101000010101100101010111101110010000000011101010110100110011000011101000011011110111101001001101010111100111
01011100001001010101010011011011111111011001110100110110011100100111011001100010011101011011010000000001010111110100001000101111000110001110100100101101010011011111011111011110101010110101010110001110010001110001110111100010111000001011111001011100011100010101001000001010110110110110011000010010011110001001100010100111100010001100111010111100110000101001010010001100110001101101011001000101100110111110000101010011011101011111101011100101111011111000110001011110110100100001001011100111011111001110110111110100
11110001010010101001110000001100111001001111111001111110001110110010011001110111100100100100001110000011100001101000001110000111111011100011100100101100001110101011111011111111000101101011010010000101101011101010110011011101101100011001100110001110110100000010000011111110111101101111011110011111111101101101001101110111100100011010100001101111011111010000111111110111010011011110110001011000011110010010101110100011011001111110110111011111111101100110111100000100001101111010010111011111100111000100111101001110
01011100011100000011001101011100001011111001001001111001001111111111010111101110110001101110011101111111010100111000011011111001011011011001111010100111110011001111101011011000110001001111101100110010100111011011110111110111110111110100111111110101011010001110001000011010110110001111011011110001001011001011001111000100101110100110110000010010111111100100101100100000110100101111101100101011110111001010001110001010111110001000011001001111011001011100110110000000010111110011111001000100100001110111111101110110
11110101011111100011101011111110110111011000011011100000111011011001101001111011011000110000010011111111110000001011111101111110111001010100100010111011100011101001000110111000100110101110101111010001101101001110000100011111111100111111010000011111011101111001000010101110001000101101011000011101100011110010101110110110011101101010010110000001010110010011001111101010101110010101101101000010100111110110011010111011011101001011100110001111001000111001010111000010111101111001101110010000100000100101010111111101
00011011000001001111110000011011110110100111100001111100001100010110100011110000111111011001110101010001111010000000111111101100101100111110010100110001111010011111100010010100001100010010101000000001000000110100101101011001111111001000011000011110111101001111001110111011011111100110000100000001111110110011010110110010101110100111110111111111100010010101001111011111101001011010001011111000000111101111001101011100110010011100111011001110111101101011011000001011101011001000001100000011111100110011010111010110
00110101101010111111001110001011100101011010111111100001111111100101000100001111110010000010000011111010011100101111110100011111111101111001011011001110010111000101101010000110111111110001101100101111011101111010101001111001111011101101000011001011101010111111011011101111000000001111110110101011110100001101000101010111111010011001001101111011001001001100011011110011101000111010111110111100110111100100111111011101101000110010000100110000010010110001110111010100100011011000001110111010111111110000010111101010
10010101011101011110110110111111110011101010001111001111111101010111001111110100111011010011100000111011111111111101011111101011000111111011101111111110011110111100001000111111111110111101110100101010101010111011000000010110111111100110110000001010111101001011001111001100110110101111000010001101110111111110110100100110010011110100001111111100110111100011011000000111000111101101010110111001101011110100011001100110000101110100111111111110100011011011110110001111110101111101011011000011101100101110110111000001
00111001110011101001011011111111110111111010100001011011011111000111001001011110001011011101011100100111111110011101000011011101110001001100101001001001101110111011111100011011101111111111010010100101011110001111000110101110110110011100111011111001000111111110111111111010111111010111000101101111110110011110001000110111101010101111111001011111000001011101111010011011101000011010101111100100010100000000000111110111010001111111111000110111010001110111111000111111101001010101101011111110011111101111011100010011
01111000111100001100001110010101010101110000111011011110000111100000111010110110101100001101111010001000110010101010010101110010111110000111110000010001011011101001011011010111100110010110100101110000001000100001010110111011001000001000111111001001111010010101001011110111010011001010101101101111110101110010111111101011011111110011110110110001011110101010110100001101010101011010110011001110001010011101111010000101111100111100110111101110110111001011011111101100110010100101011110110100101010100000111001001111
00000110010100011010011101101110001111111011101110111000011000000001110101111111111011011110000100011010000111110110010101000001001111001001101001111100110110101111100101111101011011001010001110000010001101001001101111110000100110110010110110000011111000111110101011011110001100100011011000101101011011011011001000110110111111011010101111011010111001010100110110011110111101111111111010111011100100111100101110011111110001010011110110110100111111110110000110110111011111100101011010001111101001101001110011010010
10110011001100110110111001100010010111011101011111111110101101101001111101110110000011111101100111010011110110011010001001010110011010100100110101100011000011000011100111011101111110000101101010010010010101111111000101011101010100111001100101001101000110001110101010011110110011111101111111000110111110000011001101011100101101010111010010010111110000001101110010010001010010101110101011011111010011101111010011111101011101101111100000011101101101011011100000001100111100100111010011111010010000011101001110101101
11110001110000110000100110011011011010101001010001100111011101111001110110110011110110111110000111111010010010110001111101001111111100000001111110011011101101100001001010000110100001110101011111011111100010001101001111001000010011100001111000110111001010011101101011101100100111011011011010110000100001100100100011111111100011010101111011000111011100000111000100110100011101101010100001111100111000001111101110111000010000110111110111000001010100110101110010110101011111101111111101010101101100000101000000110111
01010011110111001110101010111010111001111011101101001101001111100101011111001011101010111001110110101010010111001101100110100010111110000100011110010011001111000001010000000011111111100101101101110110101001000111101001001011111101111111001111101100111111101111111001111100011010001011101001111000000001010101101001011111001001110010100000000110100111111110111110111100111110111101011010001011001011000010000110100101000001110101111101110000001000010010110110001101001011101110001010111011011010000111110111100111
11010101001011010110110111110011110000101001111101101000000011001110101110100110011010111010100101111100001110110111010100101010011111000101011110111101010000100110011000110011111011111100100101101010001110110111000010110011111111110011111010010100010111011000011011001111110011100100110100010011001111111101111010101111111101011100100111010111110011111101111101111111111101100001110111110010011111100110111110010111111101101111001111111100111101111100001010001101110011011111001111011110110011011101111111000111
01101010110101111100101101110111011111010101100101100100100110000101100110101001101101111001111011010100000011110011001010011011111000111110011011001111110000101010001100010111111001100110101010110111101110001110001101111110011110111011101010110001011111110110100100101010101010101000111111111001101100100001111100110011100001011101101111111001000100011111010010111100101001100110101110100011110010101000010100001010100110001101010011100111110110101111011010101111011010001100110111111001110011110111110000100001
01010100111101010100110001001111101100111111011100110011010101011110011011111100000110111101101001010011101001010101100100111000001100001111111000101011101001101010001010011011100011011111111001100011000010000011111101010000010100100011101110001111011101011101111110101111000111101111011101111010101100001101000100110100011100111001010011111000011011000011111101001101100110101111101001111001001101111101110101110111011001001011111010010111011110010110100101001010110101100101100110010111100011111000101011111101
01101000011101001011101110111011011101010110000010010010100110001000101111001010111000101101111111001110111111011011000111000010110110001111110111001010100101101011001010011011000010101011101010101011011000001111000011111001011011010010101010111010010011010000001011110001110011100000011100111010011110111011001111011001111101010111110101001110011011111111011111111110101011011111101111110010011110100110101110101111111011110100011101111010110110011110100111011011110100111011010011110011100101010001001111001101
11111100001101001100100101001100101110101111010001011011110011111001110101000011001001101110010100111110111100011111110001010011111001110011111001001001000101011100100001101111010111101110001110110000101011000011010100101110110010111001110100101001000001101110001111110110001010101101100011111101111010100010110101011111100000100011111001111110110100111011010100101001000110100100011010011000100110000010111101110000000110001111111011110101111111101000111001001001101110110101110010011011000111001100111011010100
11111100111100001110100100111001101010101101111100000100110011001101000111100001011111100101001110010010011000000001010101110111100111011001001111000001001101001110111001100111011100101011011000011001011111000100101000001000101111011001110101010100011011100011101110111000110100111011111100100011100010101101100010001101111010100010101111011111011111011100101111110101000101111010011101111111001111111011011111011111011000011010111100001100010001110110100010111101011110110101101101111101111111111011001110011101
10100010110111110010111010010100001100111111100010110010100111000111011001110010100110110101110001001001010111010110010111011010111100101101101011100111101011100111000010111001000100010011010111111010100011011000001110101100010101111011101110001100010010111011100001110010010111101001110011111110111100100010011110010111110000000101001101100011010000101000111001100001011111111100101000011111101110110010101110111110101111010010101101111011100111101011001011101011001010110011110001111101010000011011010111111111
11001011100010111101111010111011010111001011001111111001001101100101000111100110100011011101101101110000000010111111110110011001011010111111011100111110111000111110110111101001101100110001000001110011111111101110010110100000101010010011111010000101110001011011111001001011111111101011111011111111110010000111100011000110111011011010011011110111001100011000101010001100011011100101111011110101110110111001011010111000001001110101110101011001101110101101110000110101100011111010011111011110111111111100010111000111
11011111000101011100111111011111110000110011111010000111010011111000100010010110011101100101011101001011011110001111110110110110101101111000010010011101101101010110100010101010010011101100010110111100100111111111001100010101110101101101011111101110011110101001010100110011111000011111011011011101001110100011101111001110101011011110111001011101110000110111101000010011010000001100101101111011011110101110101110001111111110011111010100101100011111101110101011110110111001100010101010111100011110011101110010111111
10010001110110101111011000111001001010101111011100000001001110011100110010100010111101110110011011001101000000000110111010110101010001001010101110100111101011101101111001100010100100101100011000001000111001111110000100000001111100011000110101001100011101111011110001110110100100101011111001100101101100100111010101000100111111001101011100100100010100110000100111100001000001001110111101010101101111101110000111010001000010011111011011101111010111011101111111011011011111101011000110001100110011101111011011011111
00101110010101110000110100010011111110101001111101111000101100100011001011110001101010001001011011010100111101010000111111100101011111101100111100100011011001011011110111010110000111000101001111010100011010101010000001101110110111101111010011011101111100000010001111000011011111011111111101100100110010011110011111010000001000101000110011010000001101010010011010010111101111011011111001100001110011011100100111111001110110111110111110111001110001111101111011000011101101111100111111100100101101000111110100111101
11001010111111111000100110011110011011101101011111010011001100011010111000100111111110011110111101011010010111011110101111010100110010011000010101110101110101111110100110111101000100110110110100111001101110111100000110100111000010100100110010011001111110001111001011001100111111001111011101011001111101111010110000111111011101010110100001010011101111100111111111010111111101111000011011011110010111100110101001110111001111001110110100111110000110100001000000011010001101111001110111100011111010111100000111100000
11100111011111001100111111010110110100110001011111100011001100101001011110100011000001100100000001100111011010011110100111110010010011110010001101101011011010101101111101111010011101100101001101111100011100111111111110011111010111001100101011000101110011111011110100101111000010111111111010000001010010100100011100001111111011100001101001010110001110010110011101101010001100100101110011111101000110110111101100001110001011110101010001001101111011110101100100010110111010110101101101111000001000111000111111111111
10110010101010111111100000011101001011100001100001100101000111110011101100101110101010111001110010011010001101010100111111001110000011110101000100010111001111000010101100100000001100000000111110010100110100011111110100110110111100110110110101101110001110010001110000111011111110110000000001110111100000101101010101010111111001100011001001111111111011101100101011000011011011011100110011111101111100110000000101101010101011010010110011111011110011011110111101111010101111011001010111110000000101011110011101010010
01011001010110100010010011111110011000001011001011001111010111011010111101000111101000000100011101110110000110100101100101100101111111111010101001101000101111100100111111010101111001111001001101110111111101100101110110001000011001111011101111011111100000110111111011010100010010111111110000010110110111101000101101110111101110100110111001110111111011110000110100001110111000011010100111010000111101110011101111111000010001100110011010100001101101111111101111001010110111010100011101001111110001111110011001000000
10110110101001100110111111110110111100001111111000101011000011001001001100111111111011110101111101010011110100011111101011100100101001111100111100111111101110110000101000101011000011011111111100010011111001000001000100011011100110110101010011111001110001001101111011000001011001110001101011100011011111100111011100100111101111000100000110100101100111011100011110111111111111000100100101110000010110110011010010001011000100001111100101001111111001010011101101011100011110001011110110111000101010111111010000001110
11101101000011000000110110011100101101100001101111100011100011001011101110011100100110101100001010111000001110001011001011110011101100000110010101100011101000101111001001101011110101110101100110111101001100101100000111010111110000000110111101100101011010100110011101101101100111110100100110110100110101010001101111110101111111110100000011111011011110010100111110001111101010010100001000110000000110100011110110001101110100011011001101001111010001101000000011001000011011111100111110110110010110101111000100001111
00110101010101001100110010110011100011000010101011001111010111001011001001001101110000100111111001010110101001111000011011001010101001011101000101000100111101011011110111110011011100110101010110101011010011011111101011100110101001111101011101110010011011010001001001110110101111011110001101111111100011101001011110101110110100111101000000001100011111111011010001111101100100110001111110111010111000111111101111010010011110000001101011011110011010010100101110011011100001111011010110111110110111011111100100010110
11101100011100100111011111101001111001010010011101011110101111101111101101101111111100010110010101101001111101001100010111000011011011100100111100111011101100101110010100100111010100000011000010000011000111011101000010111101101011110110001111011011110010010001001111111111101000111000100011100001011001101010101110100000011001001010100110011001100101001101001101000110010000101010101001100101010110100010110001111001000110011111000111101100100110001110011010111010100110111011001101111101111111011011001011111100
10001110110000010100011110000110110110101001000101000101100111100101101111101101000000101010100111111001111001001100110111100111101111011101101101111010010001010111101000011110100000111001011011111100110110000110010111011001101101011010011111101110011111000010101011111001001111111001000111100011110001100001111111111110111011110110101111011011111111111010101011000110100101100100111000111100011011111100101010100101011010011101000000100011001110111111001010101110011110011101100101000111001111011100011010100010
01110001111111110101111100011011000000010100000010111011010101110111111100011101110100000101011101011010101110111010100001001011111111100101100001001111101001110010100011010010100010011010110111110011000101000011110111011111110101010011110001100011101010010110000011100010101011111011011011110001000011101100001100110111101110111100110011011111100010001011011111100010010001110001101011011011001110111110001001101111111111011011001011010111010101101110011101010111101111100111000010000010110101110011110101001010
01111100101000010101010111000110101011011101111010010110110111101101000011101101110011110100010011101010110011111101101101001001101110111001110110010111100011001011110011011000100100000111101111100100110101111000111111100111101000011001110010111111110110111111101000001110110100001000011001001111111010101011110110100110101000101001000001001100001111001011010001010110110011011110001011100110111110111111110001111011111001011110100111101010111110111101011101001110111011001111111001110111101010000101111101001111
01110010011011001101111011111001110010101101111001101110011001000001101010001111001100000110111001010110111101000110001011100111010110110001011111010110110100000101001110001010111110111011111110101011111011101011101001111111101101110111100011001010110111010000111101110011100111111010101010001100110010110101001110001011101101111000000111111000100110001100101010001000101111111110111101010101101101111110101100101111001011011110001100101110111010100100010100110111100011011111000000011100111101111111001111010010
01110001001111100000110110011001111110111001111000110110010100001110110010110001101110011001101110010000111100001110100001111010111011001001110110011000100101001110101100001000110001001111001101011101110011010110111111001110110001111101000101000001101100111010100111101111110111011111100101100110101100111100101111000101011011000011110011011011110001011111111111011101011000011110110110000111100110111001101111010111110111111101111110110111000011110010010010101000001111010101111111111101111101100000110111110100
01101111110111010111010001010101101001001010010110101011100110111101000011001111001101010101101100110011100101000110011101001011101100101111000001000110100111011111101000110110110101001111000001110010011111001110101110001011010111000110111011111111110100111111111010100001101100000110111011101000111001001000101011100101111011100111011000101111010100111110110010110011100111010101001010101000011110000111000100111001111010100000111001110010101011010001011000101111011010101001100111111100011101010010011011110101
10101011001001101010110110111000011100010010100111011100110110100101001101110101110111010100011100010011101011000001011111110001000010100100001011110100100010010110111001111111011010011010110000110101110001110101111100000100010100111101011011111001111100011110100111010000010110101110010111110001000000100001101000111011010010011011000000010011100001000000101110101110111111110100101111111100111111011011111010110101101000000111110111101000010110011111100010011111101101100111111100001101111010111001001110111110
01101001000111000100110111001010110111111101001111001110101000101001111001110000111001001111101010001001011010110111101110110011111010101111101101001110010010101010101111101101110111111010111100000111000101110110101001011101100111111011000111000101110111001101011010010011001010111011011000111100010011011111010001110011001100000111011000110011111111111100001011001100010100110111111101100110101011101010000111100011110110111110011100001011110101111110101001101111110000010100101000110101000101010010100110111111
11010001111111100001011011111101100010000110111011111000101100010110011110100101110100110000110011110001111110110101110101101100110010011001111010100101011011000001011001010110111100011101010111001110110101101111010111001101101000110111001110010011010010010000111010000000100111101011101001111110000000000110101110110011010000101100010100101100101011100000011000100101111100000010011110000010100001111111111011000101011011111011101110111100001110111101000111011110000100000010001010010100000111100101110010011110
00101000111110110000100111110111011111100011111111111001101101000001010011001010011101010111100001101101011111010110100100110111010001011111011111101110110100111110110111011001101001000011110011011101110111110010001101101011100101101100101111101000010010100010111011101011110001101100111111100111010000110010000101011110100111101101101111111110001101000100011111001111111001001111110001100101011011000010100001000111111111001000010010001111001111100111111100011100011111101010101111100100111101000110110010011100
10000001100110111001100000111000011100000101001011111101110001001011111000111011101110111000000100011110010010111101000100011111111111110101110101000100111111010010111101010101111001111110101001001111010110111010001100111110101011111111100101001011111100001110010001010110111010011101000100111001100100101100001110110101010111010100001110010111111100011010011001010010111110000011111011010110110111111110001110000011000101100000110001011011110001100111100000100010101001011010010111000101110110110110110001101001
11000111000100110110011110110001011011110101000111111110110011100101010000101010100001010110010101101001000110111001111100100110000110111010001000111110001110111000010110111110101101100101000000110110100111110110011000001111011110101011101011110011110111111000110010100111011110101001110011000011010111100100111101100101110110101111001010110011001001111001111010100110111111110110011010111001111110100111110110001101111001111010011011010111110011001110000110110111111100111100001001110011101111001110011010101110
11011110101011011001111110010101111110010111110001111101011110001110010110110000111011111101011110011100111110010011110110001111011111011111110000001101111010110110111011011000101001011101001011100011011001111111010110110001111010100111010101101000101001110010011011001101111101101100001110111101110110011100111101110100110111101001111111011011000010010110111101111101101111101111100011010001011001001100111110101101101110111101001110101111100001111010101011011001110110110101011110000101010010101101110110111101
11010000111101101110100100001011010011101101001100111111010100011110110101101101010001110001000110111100011110110011110001111011100111000011010000100011010010010111111011101011110010011110011111001111110101010101001001011101101011011011111101000110101101011001001110010111100011101011011100000101000100100110101100111100100011110000000010110100010101010110011101111100101001011010100000101011110001111100000011011111100011001010011101111011100111100101001010101011010000100001110110110001111001100111111011001000
00110100010010011010000011101000101101110100101111011011001010001011110101101000010010100101111000111110110110011101011001111111010100011000111011111011010111001001011010011011000001101111111100011111011010110100111111100110111110101100110110001010111111001011101011101111001011001000001001100111110101011111110001101111011010111001011011011111111110100001011101111111011101111010111110100010001100110111011111111001110110000111111000000110111111100011111110011011011011110111011110010100111100000111100111110001
01011011101010000110111110101100101101001001111101101010000111001110111101001101111010101111101100011011001100001101111011000011101000100101010100101100110111101110100110111111011010001110101110010110101101111111000000111100000111010111011110100100000101101110111010001011100110010110110001110000110001111001101111100000111000100111010110001111111110111111001011110000110101111011101100101010110010000011011011101011111001001000010111001001110111010111111111111111011000110100110010010110010110101111110111100100
10111101110001001100011011010111100110011010100011101100110010111011110000100111111000110101001100010100011010111010101010001010111001110110011111100101111101001110011110011000111101011101101100111110101011011111100110110111101101111001011100110001010010101011101010111011010101000010110100111010101110001001011010110100101001101010111111101101111010110111101101101000110010100110101000111111100000000001111110101011100000111111101101101111011100010001110001011111000101010010110000101000111011011100111111010100
10111101010111111100011100011100111100111001110100100100110110001011000110001110111100001101000101101110110111011110111101110111101111110001110110111110011101011010110011111110010011011101011100101000010100000101101110101011010100111011101001011011110111111110011001111100111101111111101011101110101111101110000000110111010111101010011110111010100001001101110111100110000111000101100111100010111111100110000110010111001111011110101111110110110001110111001111111011011011010000011011101001001110111110110101110111
10101011100110100111000001100100000110011111101110111011010001011010101010010101000110111111011111001000110010100110101111010000111011100010000111010000100111111101011010101100111111110111111101001101010010001100001010111111101011101101000001110110001101110101100111111110000111111110111110000111110111001110000010111110001111101000110110100011011100101111010101111000010110010011111000111011111101100011111110101010100000111001010101111110111000000101110110111111111101111001000110110101110001010110111100111000
11100101011011101000010010000111111101011001111111101010001000001101110100001010001001111100001000000111001100111110010011110101110100111111010111000110110011101100101111011010010011000001110110111111101001100011111011110100011100110010001001011011110101001010111111110111000101101111101010111100001111100000110101000100101001100001110011001111011111010101101101100010111011100010111101100111000001000101111111010010010010100010110010011111100111110110110011001001110100011110011101111101100100111001010100110001
10010101000001001100101110001011100110010111011011110000101101010111110010000100111101110100010011001011011111000000101111111111101000110011011111010111101111011100101010110001011111111111111110101010100111000011000101111111101000110011010001011011111001111001111101110111110101111010001111011101001001100101010110001101110111110001010000101010110110000010001010011011011110101100010011111101011111111110100001111101111011100011110101011101111111101011101001110111001011011010011101001111110010111100001110111111
10110110101011101111111100101101011011100111101001101101001111110100101101011110100011111001000101100111010110110010110011111000101000011001010101000011000111000100011111101111101111111111010110000001100101011011000111101010011010111011001011100010011111001001111001010111010011010001101100110111011011011010110010011111101100001001110011111111011011111110011110011101001111010010111000101100110000110000010000000100000010111101101100010000101110110111110011111111010100010010011110000001011110100111101111111111
11101100101111011100010110110110111101101011111110011101101110011110111111011100001110110011100011111000001011111011110011100011100011001000000001101101101101110010111011011011101111100101110100111110001010011111101101011101000011100000011000111000100000101100111111110101100100000111000101110110000011110111000100110011000011110010011010001111111101001101011110110111111001101100111101110010001011110110110001111100111011101101010011111010001110001111010111011100110000110111000000011010010100010101110101111000
10110010010100101110000100111111111111110110110111110111101110010000101101011011101011111010110000011101001000000110100110101101111001011111010110111101010010110011110100101001001000001011100101100111011011100111010011111000111101011010010110010100000110010011010011010110010111000001111000101111111111110110001101000011011011010100111100111010011111111110111111001100111001110100010001011101100101111100111001111011101101011000110111011011000111100110110111011010001110010101101101110011001001101111110001011110
10110110000101010110111100101110111010011000101010100010111100110100011000011001110111001011101100010001110010001101000001011100101111100000110101010110001010110111100110000111000001001110111111110001101101100011110000100110010100011110101101101101101110001010101011110011101000110111010111111010001111100011001010101110110100111110011101011111110001101101010000110111101101111010110000001011110100011001111011111010110100100001101001101011011110000001101000111111111111101001010010000001111001011001100110110011
11110000110011101001110001010010111111000111110110101010100100011010011111011011000010010111010111111100011000100100100101111111101001000111010010010001000101011001011011010110110100100111010000000011011101011100010011101101110011011110001100010010000110000001000001010111111110001101001010100110110110011100001010110101110111101011111011000110101111001001010001111111110110101011000100101001010101111001111001011111010000101001010001110111000111001011101110011101011100111011111101101100100111000011111100011111
00111110010100101100110111111011110110011000110111110111010110001110100111011100101010011010100001010000110010111011111110110001111110011101111101110111101000001001110000110111101010110111110101111001000010011001010110011111000000111101110110010001000011110110010110111001011010011101111111010000110001000010010101011111101011101101011001101010000111111011111110110101010000010001011101101111000111110101111101101111010111111111101011001011011111101111101110010100000110111011101101010000100101011111011011111111
10111000110111011100111110110010001111101111010101011101100110000010001010011101001110010010100111011010110010001110110101111110110110000010111110100111101010011011111100000110101110111100000001110101011100000011001111101111011111101011101010101011100010010111111001111100001101110001011101001111111111010010000111001001111111110111100100000110111011101110111001100100110101011011111111111111011100111101000111110001100011000011110010000011110110001100001101101011001111110100111101011101010111101011011001000001
01010111111000000111010011000111010011111101101111111001110111100100111010100101011110101001111111111100111010101101011110110110101110101011101101001000000001101000111101001110101011000110111000010101100110100111111010010110110111111000010111001111011010001111000011111111100011010111100111010000011110000011101010000110101110101100101101111100111110101011011011110000100011101100011110000010110110100111101110101011111001010101111011001110111111111110100100010010010011010000100100101111111100010110101111010011
01001111101111001011101011110100111010100001101110011100111100001001111001010011111010111111110110100110001111001111101110111101000011110111010101101100010010011100111011101110111101101000111011101111111111111100110010110001110100011011000101010111101011111000111110000110110010011111010110011111110100111110111110111100101010010001011011111101111111100011011011000101111001100111000110011011111011100011010010010010111010100011101101001100101011111111010011110111101110111111010101111010111110011010100001111110
00101111110111010101110111111100111011000101101011111101011111011101011110111101111110000110111101101100110111011000101001111111101010111111100111111001110111111110110110111110011100011111010100001011110011111111100111111110010010111100011010101110001110100101110101010010110011010100000111110001010100011110111011110111110110010110001010110000101101011000110010101101001011101001100100010010000110101001000001110110100111101101001101100110101111111011110010100111001111010011111001100111110011111110101000100111
00010100010101101010110101100110100111111110111011100010100100011110100010010111110011100010000110011100101101001010001111101011011111110000110111110111111110101111101111011011001100111001001001010101111001111011011001111011011110111101111001111101110111100101110101001000011011111011011111111101101100010001110110011000111110001111110111100101110111100111110001111000111010011111110101101001011110001001001001001010101101000011001110111100101101001001000100000010011011111111111110101110110011011101010101101111
01100001000011000011111011011011001111011010011011111101010010111110001110010101111011010010011000010100000011100101000111010000001111011111000011101100111111110110011010010110010011011100011000001110100001111000101011011101110010110111101010110110101010011011010101111111010100110011001010011011110110110010101011110100101101010110111010110111100011101010110010101111011110010010111011111111101100101001110001011110110110110101101110010011111010000111101110011111101111100101111111010010111001011110001001110000
10110110011110000100100101100111100101100000001110101010011000001111011000001100101010011001001111101100110001001111110011010111111111011110100011011101011110111011111111111011110111001010100101100111101010001010001110011111100101000101110011111011110001010000001000100010001111111101001101011110111011100101101000100010111111000100110111001111010001001100010010111111100001001110001011010111110010010010010011110010101101110110111001001111101000010000111101110111101101010101000101100101111110010111101011101110
11110100011001011101101001110011111101011100011100101010110101101000001010010100111010100010101001110111110011110110011111111010010100010111010011110011111101011111011010010011010001011011100001011010001101110001101101010001111111111111011110010001000100100100111111111001000000001111101101111110110110011011111110110011010111111100111111111001000000111001010011110001110000101011110111011010111111011001111000010100011010100110011011110010111100000011111010010100010000000001100000010110101110010111100010011111
01100101010111101100110111101010100111111101011011111110101001110101101000000101111111100100101000110111110101111110101001001010010011101111001110110100101110001111110001001011010101000000111001110011100101101000011010110101100110100001101001001100101100111111110000000010100011010111000011110101110010111111010100111111111011011010000101010111101111101001010100111010111101111111111001101001001110110011111100011010111111111001100110101110111111101011100110100100001111111101010100111100001100111111001100010000
01011111100111000101100111111011011010011110001000111111110101111111001011100010111011000010100111111000101011111010110000000011001111100011001110111011101001101111000100000101011111001011111010110011111000010011011111001110010111001010011001101001011111010000111100000011101110111011101111100011000001001011000011101111111111010111110000011011101111101100111010110101011111110100001010101001011010010010101101110011100010111101001001011100111010010000000001011101111101111011100001110011111011111111101001010011
10100010101011110110111010100101110011111001000101010101100100110100101011110001100010011010000100011000101110010011101100010010101110101110110111111110101111111111010110111110011010100110111011001111011111001100110110000110101110111001111011100000011101111000100010101110100111110101101000010000100101001100101111100010100011110111011010110111101101001110100111010000100011111001001111000100011111110001100011111011011100011000110110101111110001001111001110010010110101000001101001011001110101010111110101101101
01011111101001111010111111000111100111000000101001011100001100000111011100010000111010101101111010001101011111001100110111110011101110100011010101111101001110111100011011111111111101111111101111111111110011011110000001111100000101100011101000110000100010000000111000100011111101011110111101111010100101000111111110111110110011001110101101111001011001001111111010101111001110100111100011110000110000011001110001001001100110010110001100111000111001110100110001101100101101111100110001110011111110011101110000100111
11111111010001101100111000011111101100010011111010111001100011110110010111011000101101011101000111011000010110011010011001111001100110100000111001000001100101110001110101100101101110101101110010011110110011001010101101010000000100110000111100100111010000111110101101110001010011100000011101101101001010110010111100000011011011110101000101111011011011010010001111101011011011111111010010100000100101111101111111111000101111011101110111111011000111001011001101101111011011010111111100001110111011110000001111000011
11010101101101110101010111011010011001111001000111111101100100100001011111100101111101101101110111001100000001010100111110111010111011010001000011001011011001111110110010111101100011001000001110011010011001101100111001010111111110001100001001110101111010110010011111011100110100001111000000101000000110001111100010100000111011011110000001111000001001101101100110110001001111111111001011001111011000101010101111111110001101100011000011100110101010111101110111100100010110011011011100110001111011010111111000001101
01101101111011001110010111101101111000111110001110000111011001001111111111010000110111110110010100111010100100010011011101100110101110100001101111111011010111100111110010000011101010010001101111110110001111100101100110110100111111001111010100010101110111011000101010110011110011010100100011011000011111010011011010100011001001001001110111101000110111001111100110011110001101110000110111001010101110010111111010100101001111100100101111100001011111110110001111110111000011100101111000111010101001111101101100101000
11010111111000001110000110000010000101111011110101011101011100101011010000111001101111111111101110011010000110101101110110111000011011110001001111101100110011110001000110101110110100101011101010011011000011001111000001111000100001100111001000110111101110101010011110000101010001010101011100100001110101101110101111000101000011011011100111001100101010001100011001011111001101010010110011101110001111010111110001111111110111100100010001000111100011100100001111001111010101010001110111110001011101111111100000101011
10001011110110110001000011100010011011001001111001101011010011100001110100101010001010101101111011011010011101001000010111111111011110101001100110111110100001100110001100111110100101011111100000100100111000111100100110110010100100101011100010000111111100101110111001011111011011101010111001010110100111110011011100000011111101010110001111011011011110111101101010001100000011000000101101011000011011001111100011101101110111011101001011110001110100010100110100011101001101101111001001100010011011001010101001110100
00011000010101001111111101110001001011110001000110010100100111001010110111011110111010001111110110101011010000010110110010011101001101111111001111111010000010101011011100101101111111101100101001011110011111011100000101111111110011100101100001011011011101010111010011111101111010001011000010011000010111110100010110111000001111110100011001111100011111110110001111000111010001001011001001000001100111011011011100010100110111011001010101011101111101101111110110111111111011110111011100111011101111111010101111011111
01011111010110000111110110101100001101001001110100101110110001001011001000111111100110110100111111111101010111010111111101111001010000010011101000111101110001011011000111110001011000101010101111010011111001000111000100101010110011110011001011110100110110110100111000001010001001010001101101111000010011001011011001111110010111000110011110100010101111001000010110010100110111001110001111101110101111011011111010010100010010010110110111110011010101100001110101110100100100111001111100001110100110110111100101011010
01011101111011011000011101111110101000101001100001111000010101011101101001110000001000011111111001100000111011111001101110111011111011100110110100101011110011101111111000001111001111000010001111000101101001110101001101111110001001111011001101010111111011110010101101110111111011001101000101111001011000101101000010101000011010000101010100110101101000001111001101101001011111110110111011001000101101111010101100100000010110111010101100010111010111111101001101000011110101101111100110010000111001110001001001111011
10110000011100110010111010100010111011010001000111000111000011011100010101000011100010001110001110101000111101100110011011011011000110111110100111111101010110111011110011101110001101101000111001101110000011101111011110110101011010100001111001101110111101010101100000000101011110100001110101111011100000111001101100000100100100100011000101010101001000001110110001100011001110001000011011001110110101110110110111001111111011110100110011111010010100101111111111011110110100111110101111111011111001110011111001110111
01111011101011000011011110110111111110011110000011011111011111101000011011100111010011001111110011111001100010010111011000110010001001110011101011010011011111001101000000110001000110101101110010001110011011011110010111111101100110010111010100101110001101111001110010010110110111110011011010011100000111101010110111011110010101101110101001011110000010000111001111110100000110010100101011011001110011110011001101110110111100101111100000111110101100111010101110011100001010101001000110101000001011111110011011110101
10101111100001110101011110110101100100110101110111001101100011111111010111101100111000110001110111100001011100000110100010100000000101010010011100111100110001000100111111111101101101010101010110110110010100110010001111010011011000111111100110011101011000110011010011110011111010111010110111110011111100000101101100101001110111111101111101010111011110110110110110011000110101110001111010010100110110100100011110010111011011001101111011101100101110000001111010101111011100101110101001011111111101100011101110101001
01011110110101111101101110111111100111100111101100110011010100111001011101001101101011101000011111001111010111111111000011111111010100101011000001111101010111000110100111001101011100101110101001110001000011101100010000110111001111000011100110011110010111110101111001011011110110100110111111001110111111110001101011001010101101101111100111101010010010001010000010011010101001101011011111111001110101100010110001111011110010111010111011111101011010110011101000111101110011101111010011110101111011110111110111011011
00110101100111000000100101111101101100111111100101011010100100010010011000101111001110111001100101000011110110100011001110111111101110001110101000101101100101100101110010001110100111101110001100001011010101100011011101001011101011001000010111001101101011111101001011111011001111101110010111001111110011001001011011011010101110001000111100101001111100011110100011010100100010001111100000111000110001101100010100001111010001111100101101100111111011010111111010110111010110011011000110101100110111010010110111111110
11101000101111110101110010011101101111111111001011011111101101111100011111011101001010000001111011001110110110001011110010111111111100101010011111100101010110001100101001100111100101011010100101110110111001001010110110110011101100001010000000101001001111111001111111010101100100101101110111100111101111001110111111110110110010011111001000010110100111100001001100110110010111101100001111011100100000011010011000111111100001001110100010100011111000101010110101111101001000111111001111101110110100111101011101000111
00011011100011010011000111010010010010110110101010110000110100111011100100100111101011100010001111001111110110001111100011111011111000101100001101010101100011001100100010101010111101000101001100001000000111110001110111001100100111011101000001110111110001111011110011001000100111011010001100010101101100111111010010111011001111111011111101111111011101001111011010110000001110011001100001010011101100111011000000111110111011010000110110000101101000010011011011011111000110011010101010101111011111101111000010011101
10111101110110010011101000100001110111111111001110010000100110101101010101101110110000010010111101011101101101010010111001101111000101001101110111010100110101101000111110111011110100111110100000101111010100010010101101100110001001111101010100110111000011001100110010110101101000100000010111010011101001101111111100111100110111101111011000100010101111101010100111100110110001111100001010010111111110111011111011001100111100111011111001001011110110111101100001001001111101110011111110111100100100110001111001111000
01100101000110101110010110011011011110000101111110110110110100011000011111111000001110100100011100000110100101111100110100111100010010011101110101000100101011010001111101011011000111011100110101110010110110111111100110110111001001101000011101011010100110101111001111010101010101000100001110110001111111001001111110011010101111011000101010000011000011011011000111101011011101111101011001100100101111100100011111110010110001101000011100001101011111001011100110111010001000101111000011110101010111111010001111011101
10111010111001111101011010111011001010110100100100100000000000011000100111101011000010001011110111000100110010000011110101101101100111010111100110011100111100000111110111110101100100011010110111001010001111101101010000001111100011110011010110000111101100101111101100010010110000111010101101001100011011001001011110111010011101100010010101001101111001100110111110110011011001001011110011101011110111011110010010111111011110101110101110101110100110011001111011010100111010110001011011101001101110001101111000110010
00101011100000111010010110111101010100101100100011011111111001000100111111111111111011000011111011101001110100110010000010111110111010001011110011011110000100101000110011101011011100101011111111100111011001011111111001110110111011000001111010001011111101001101010100010111110111010101101111110101110110011100110011101111010101101111111100001110011011101110010010000110011100011000011011100111111010111001100100010110100101101011001100000111101100110111111110110111101101101110000001010110111011101111100100000110
11110111111111110001011010010110011011110111011000011110111010111010100000011110111000111011110101011100000110011100110101101101000010101011010110010111001000100000110111011101110111110111110100101001001010101110101100010111011010011110001010100100010010111011101011000100000001110101010010011100110100111011110111011100110011101011001001110100011111111110101010000111111101101010100101011110111111111101001111000001011101010010110010111111110100111101111011100101111111011010010111111111011111000011110100001001
11110011101010101110011100110110100100010101011101011011001101111011110111001100100111011111100101011110001000101011111010010110111010011100110110000000110001100101001111110011010001110011101011101011000101011011100100000111011110111011001011000110100000001011011010011001110111001101111111110111101100111100100100110111101001010111000110110011010101101111111001110101011100111100000100111001111111010011000101111101111001011111010001001011001001111111010110111100000101001101111111101011001010100101110110111001
10000101110000000110011000011011000010111000001100001100010001011011111100101101111111111110011111011011011111110000110000001111011100111100000001110110110100001110011010111111011010111111110001100010100001010101101000000011010101111001111011011011000010101101111110001100111110101011110011111011100001101011001011111010011010011111001101001100001011011000010101101110000110001011000010010000000000001111001111010000001000110000010101111100001010011101111010110011011101111011010111110110001110011000101110111001
11111001100011101111110110010011101101101101011111100010111101001001111101010100111011100111111000110100101010011000100010000101100011110100110110011100111101011001111011111011001100011001111110110011111001111001001101101111110011001101111001111001001011110101000101011010100000010101010101111111011110111000100010011010000011101010000000110110110001000010101101001101110011100011100101101010111101010110101011111011000101011110100111111110101011111100100101111011101000111011001101110100111010000101001000100100
10100110111101101010111100001011000011101111001000100100110010101010011101010101111110110111101111000001000001110001110110010101000100001101001011111111111010111111100000001111110110001010101000110010111100000010011011000001011010110100001010100110011101101111100100110010011010101001011011101111110011011000001101110110110110110001111100000001011001010000001011111010011010100110000001100011110010100000111010101111101001110001101110101001011101001100110010111111100111001010001111100010010011111111111011010110
01110111000001010111000100101101011100110101111100001101100100010000001011011111111110000111011110001001100110100110110101110010100110001011101110101111010110100111011101010111001101010011101101111111110100100110111100111111111110110111110101011110000101001111010110000110001011011100010100111011011100111100010110110100111111011000000111111000011111000111111111111110010000001011011111001010000111111111111001010101011000100111001111100101111010110000001100010100011100100101011011001111010101101011110100001111
10100100111100111100100011110111111100101110110101110010010100001001001110101110011001111111100111101100100010010100011111111101001001101100010101100111100101100100100111110000100111100011111100101110101011110101110011110011100001100101001111111111010011100110101110111010010111100010100101000110100110010101110111001000101011011100100011101011101100011110000110000000010110111101001111011001010000101010110001011000011110100011001001011100011110001101111111111101110101101110101011011010000011011111111001001111
